850927 361872 363721 1578.22 37194.5 95455.1 361872 996696 635864 63139.4 33960.7 16291.4 363721 635864 2.04257e+006 235965 135301 -66376.9 1578.22 63139.4 235965 162421 25742.8 0.108768 37194.5 33960.7 135301 25742.8 183943 6748.96 95455.1 16291.4 -66376.9 0.108768 6748.96 162420 
837011 328306 325901 -7403.71 -136282 46437.4 328306 659273 251642 -2385.32 -52037.1 -2508.49 325901 251642 486924 -44318.2 -104170 13223.8 -7403.71 -2385.32 -44318.2 189549 -8703.39 -0.120769 -136282 -52037.1 -104170 -8703.39 211500 -50620.5 46437.4 -2508.49 13223.8 -0.120769 -50620.5 189550 
848851 356908 350453 14655.5 37450.7 82565 356908 590856 323982 -38.7213 17035.8 -100.103 350453 323982 776244 -37015.8 -823.93 7906.49 14655.5 -38.7213 -37015.8 168745 54827.6 0.835171 37450.7 17035.8 -823.93 54827.6 227453 12171 82565 -100.103 7906.49 0.835171 12171 168745 
557008 231136 192433 -7771.08 -6191.59 -83754.6 231136 690452 218608 -153.356 1000.25 -160.322 192433 218608 497006 -68669.9 1413.21 -7156.38 -7771.08 -153.356 -68669.9 197398 -4790.78 -0.208052 -6191.59 1000.25 1413.21 -4790.78 148756 -7641.14 -83754.6 -160.322 -7156.38 -0.208052 -7641.14 197397 
504765 279914 347571 5816.78 106142 -43841.6 279914 680617 429902 -100.6 39603.9 90.257 347571 429902 1.3425e+006 82314.1 196347 19883.9 5816.78 -100.6 82314.1 194313 -6784.99 1.2476 106142 39603.9 196347 -6784.99 208776 28244.7 -43841.6 90.257 19883.9 1.2476 28244.7 194312 
505447 245536 200004 -8457.76 27475.4 -77974.7 245536 655937 238986 -1843.7 -8774.73 -1737.37 200004 238986 509968 13685.7 13248.6 -10244.3 -8457.76 -1843.7 13685.7 188040 -54535.4 -0.0168847 27475.4 -8774.73 13248.6 -54535.4 165202 -20921.8 -77974.7 -1737.37 -10244.3 -0.0168847 -20921.8 188036 
920938 353261 427159 -164.955 39124.9 97248.1 353261 605985 351087 94.2888 12697.6 -337.48 427159 351087 995423 83436.9 29792.7 9723.31 -164.955 94.2888 83436.9 173359 14356.3 0.400602 39124.9 12697.6 29792.7 14356.3 216145 9260.35 97248.1 -337.48 9723.31 0.400602 9260.35 173361 
900859 356896 351509 -7074.67 -206564 60319.1 356896 671864 248719 -61.1316 -68758.1 -11.9572 351509 248719 476321 -46934.7 -152378 33411.9 -7074.67 -61.1316 -46934.7 192012 -1366.53 -0.0153816 -206564 -68758.1 -152378 -1366.53 226512 -51239.5 60319.1 -11.9572 33411.9 -0.0153816 -51239.5 192012 
905954 389026 431919 4084.04 28939.2 85438.4 389026 618849 370489 20.2071 13746.4 29.3691 431919 370489 978083 -80264.2 -21232.9 10552.7 4084.04 20.2071 -80264.2 176828 64209.4 2.02355 28939.2 13746.4 -21232.9 64209.4 245477 7157.33 85438.4 29.3691 10552.7 2.02355 7157.33 176826 
540172 223818 191058 -1119.58 -6817.43 -78582.4 223818 675811 218282 -30.2174 -7581.06 -28.585 191058 218282 493499 -39584.8 -675.733 -5962.35 -1119.58 -30.2174 -39584.8 193093 -6716.2 0.68409 -6817.43 -7581.06 -675.733 -6716.2 153453 -2878.21 -78582.4 -28.585 -5962.35 0.68409 -2878.21 193088 
463544 248749 376231 4809.03 88738.3 -52995.7 248749 672794 398340 -52.4419 44233.2 -68.3481 376231 398340 1.45284e+006 64929.3 205419 5508.08 4809.03 -52.4419 64929.3 192308 -6483.94 1.004 88738.3 44233.2 205419 -6483.94 197783 26216.6 -52995.7 -68.3481 5508.08 1.004 26216.6 192308 
505414 232831 184992 -3489.34 -2740.41 -82041.9 232831 682414 202473 -103.066 -4245.61 -113.3 184992 202473 476778 39503.8 -11869.2 -10882.4 -3489.34 -103.066 39503.8 195100 -55909.3 0.0804707 -2740.41 -4245.61 -11869.2 -55909.3 168062 -4007.24 -82041.9 -113.3 -10882.4 0.0804707 -4007.24 195098 
828733 324440 372333 -83.636 24510.4 84909.1 324440 565198 321985 6.25128 8980.75 -14.3357 372333 321985 802155 43886.7 16837.1 10609.2 -83.636 6.25128 43886.7 161526 7965.62 1.13954 24510.4 8980.75 16837.1 7965.62 198058 4996.22 84909.1 -14.3357 10609.2 1.13954 4996.22 161526 
915749 355323 354898 -7687.33 -163623 55441.1 355323 686369 291335 2.01099 -70888.9 3.33297 354898 291335 539622 -28777.3 -123430 24572.2 -7687.33 2.01099 -28777.3 196093 -1970.83 -0.961885 -163623 -70888.9 -123430 -1970.83 240436 -46532.8 55441.1 3.33297 24572.2 -0.961885 -46532.8 196094 
878987 363289 373387 7949.95 6568.16 84792 363289 602574 331783 -1.72743 -16637.1 2.03212 373387 331783 784039 -58245.6 -44512.2 9759.61 7949.95 -1.72743 -58245.6 172170 65277.4 -1.11206 6568.16 -16637.1 -44512.2 65277.4 230145 3828.25 84792 2.03212 9759.61 -1.11206 3828.25 172170 
515817 218468 177099 3435.2 -24892.5 -73493.7 218468 656926 224755 -9.23012 -5159.25 -4.32765 177099 224755 455203 -11274.9 -13262.8 -2987.39 3435.2 -9.23012 -11274.9 187700 -1731.15 -1.77068 -24892.5 -5159.25 -13262.8 -1731.15 136175 11546.4 -73493.7 -4.32765 -2987.39 -1.77068 11546.4 187699 
478176 255071 301989 316.389 53182.2 -51840.3 255071 693185 385402 -7.0061 20965.5 -8.71005 301989 385402 1.11967e+006 58583.7 101511 8031.12 316.389 -7.0061 58583.7 198066 -12388.9 -0.263387 53182.2 20965.5 101511 -12388.9 175957 29161 -51840.3 -8.71005 8031.12 -0.263387 29161 198064 
516615 239830 218923 -4336.18 -1879.15 -80647.4 239830 689814 263891 -13.447 -7076.26 -18.4035 218923 263891 629528 57580 -5397.4 -7071.52 -4336.18 -13.447 57580 197087 -62756.2 1.45716 -1879.15 -7076.26 -5397.4 -62756.2 189036 -847.316 -80647.4 -18.4035 -7071.52 1.45716 -847.316 197083 
543071 47236.8 170392 -2496.83 27776.9 -13363 47236.8 112011 51199.7 -39.165 -33078.7 -31.4283 170392 51199.7 605450 -4881.9 10740.7 -7993.53 -2496.83 -39.165 -4881.9 32122.4 -7545.91 -0.0336188 27776.9 -33078.7 10740.7 -7545.91 220091 -4736.57 -13363 -31.4283 -7993.53 -0.0336188 -4736.57 32122.3 
560771 77425.9 267396 -4165.38 -176729 11242.5 77425.9 164734 81756.4 13.5195 -9103.05 10.4867 267396 81756.4 244306 -10997.2 -120603 16829.2 -4165.38 13.5195 -10997.2 47050.7 22981.3 -0.015602 -176729 -9103.05 -120603 22981.3 176366 -346.161 11242.5 10.4867 16829.2 -0.015602 -346.161 47050.8 
580024 29637 198503 -4444.95 -12351.4 -4103.03 29637 107399 77125.2 3.0938 -3515.28 0.14822 198503 77125.2 521866 -24567.6 -16535.9 356.475 -4444.95 3.0938 -24567.6 30679.5 10359.8 -0.00778189 -12351.4 -3515.28 -16535.9 10359.8 173595 -5833.69 -4103.03 0.14822 356.475 -0.00778189 -5833.69 30679.5 
94971.4 50411.8 34694.2 -523.299 -92.0441 11490.5 50411.8 176516 54286 1.10148 2534.26 0.146808 34694.2 54286 105120 7773.17 -57.052 848.3 -523.299 1.10148 7773.17 50433.1 2741.61 -0.0147897 -92.0441 2534.26 -57.052 2741.61 23457.4 2253.85 11490.5 0.146808 848.3 -0.0147897 2253.85 50433.2 
131766 61549.1 105666 2516.35 40622.3 8068.86 61549.1 166145 52925.8 4.74175 12234.1 5.58477 105666 52925.8 501029 13771.4 59773.8 -18584.6 2516.35 4.74175 13771.4 47464.1 -1897.85 0.00434393 40622.3 12234.1 59773.8 -1897.85 58631.7 9783.38 8068.86 5.58477 -18584.6 0.00434393 9783.38 47464.1 
144613 67800.3 70912.1 6308.17 10804.6 13288.1 67800.3 169408 52097.8 4.84538 6517.96 8.12562 70912.1 52097.8 152670 26409 7229.67 2921.77 6308.17 4.84538 26409 48390.9 3890.01 -0.0839882 10804.6 6517.96 7229.67 3890.01 49703.6 14063.5 13288.1 8.12562 2921.77 -0.0839882 14063.5 48390.9 
514959 52694.1 192208 -693.714 -2240.74 -14519.5 52694.1 109261 70683.3 0.474667 -7206.17 -0.552682 192208 70683.3 420828 2583.79 -2559.64 -4808.88 -693.714 0.474667 2583.79 31214.3 -6592.38 -0.037034 -2240.74 -7206.17 -2559.64 -6592.38 171098 -1584.08 -14519.5 -0.552682 -4808.88 -0.037034 -1584.08 31214.3 
395414 69805.8 147083 -1146.95 -89816.7 -2343.92 69805.8 161678 63780.1 -1.36368 -5074.81 -1.55548 147083 63780.1 186080 -10622 -78092.7 -2186.74 -1146.95 -1.36368 -10622 46195 11012 -0.023548 -89816.7 -5074.81 -78092.7 11012 132894 1660.72 -2343.92 -1.55548 -2186.74 -0.023548 1660.72 46195.1 
584422 38077.6 194867 162.002 -1144.14 -11461.6 38077.6 102805 62587.4 -0.276645 5870.24 -0.571022 194867 62587.4 446210 -2566.47 3553.96 -2094.1 162.002 -0.276645 -2566.47 29370.7 4850.14 0.00728611 -1144.14 5870.24 3553.96 4850.14 167910 954.576 -11461.6 -0.571022 -2094.1 0.00728611 954.576 29370.7 
125339 58802.4 55305.4 -154.31 2151.15 10035.4 58802.4 172225 63039.3 -0.848626 1836.63 -1.18327 55305.4 63039.3 155794 -6085.3 3094.07 1639.21 -154.31 -0.848626 -6085.3 49209 1955.35 0.0377961 2151.15 1836.63 3094.07 1955.35 33001.7 -1052.31 10035.4 -1.18327 1639.21 0.0377961 -1052.31 49208.8 
138417 63446.9 92981.8 1233.07 14348.6 3300.4 63446.9 165105 88054.2 0.695026 3303.43 0.464924 92981.8 88054.2 308766 10074.6 26370.5 1625.69 1233.07 0.695026 10074.6 47170.7 -1492.69 -0.0261856 14348.6 3303.43 26370.5 -1492.69 43024.9 1637.31 3300.4 0.464924 1625.69 -0.0261856 1637.31 47170.7 
129479 62467.7 60094 2433.87 -10362.5 7363.55 62467.7 172286 59338.7 -1.0313 -5152.82 -1.75024 60094 59338.7 137816 7175.25 -15290.6 -34.4206 2433.87 -1.0313 7175.25 49226.3 508.821 -0.0933625 -10362.5 -5152.82 -15290.6 508.821 40918.8 2156.67 7363.55 -1.75024 -34.4206 -0.0933625 2156.67 49226.3 
538199 62943.9 229567 2295.71 5660.73 -21041.8 62943.9 106608 88359.2 0.599083 1297.12 0.412549 229567 88359.2 582504 25023.4 14577.3 -3072.24 2295.71 0.599083 25023.4 30456 -11045.1 0.0296316 5660.73 1297.12 14577.3 -11045.1 190250 3525.14 -21041.8 0.412549 -3072.24 0.0296316 3525.14 30455.8 
579172 88832.6 176233 -328.224 -136926 -6893.92 88832.6 165173 36659.8 -0.658207 10391.2 -0.378235 176233 36659.8 225747 -21161 -102065 -13278.9 -328.224 -0.658207 -21161 47192.9 11875 -0.0161308 -136926 10391.2 -102065 11875 150180 6400.46 -6893.92 -0.378235 -13278.9 -0.0161308 6400.46 47193 
562326 42601.5 191765 4015.41 -1685.65 -9896.81 42601.5 104107 55527 0.588503 21888.3 0.416319 191765 55527 551772 13676.2 -6747.6 -4280.69 4015.41 0.588503 13676.2 29743.7 2405.65 -0.104037 -1685.65 21888.3 -6747.6 2405.65 183057 7524.52 -9896.81 0.416319 -4280.69 -0.104037 7524.52 29743.8 
123803 57509.4 63407.4 -2246.5 -2476.13 9587.91 57509.4 172395 58501.1 -0.353848 -34.812 -0.732467 63407.4 58501.1 205961 -25319.1 -3137.94 1629.56 -2246.5 -0.353848 -25319.1 49257.5 862.74 -0.095103 -2476.13 -34.812 -3137.94 862.74 48123.1 -11615.7 9587.91 -0.732467 1629.56 -0.095103 -11615.7 49257.5 
158190 70452.1 179709 3790.04 40994.4 4327.09 70452.1 169941 146771 0.174346 6663.88 0.217845 179709 146771 696444 32791.2 81033.1 19393 3790.04 0.174346 32791.2 48553.8 -2183.58 -0.0308492 40994.4 6663.88 81033.1 -2183.58 74035.3 -317.602 4327.09 0.217845 19393 -0.0308492 -317.602 48553.9 
175901 73350.6 67146.1 502.714 -1001.37 6469.29 73350.6 177873 64528.8 -1.17871 -6539.11 -0.956184 67146.1 64528.8 143259 -3251.73 -4314.33 775.836 502.714 -1.17871 -3251.73 50821.4 4232.09 0.0406573 -1001.37 -6539.11 -4314.33 4232.09 43889.8 -1021.42 6469.29 -0.956184 775.836 0.0406573 -1021.42 50821.5 
185984 203439 92543.6 6552.31 31675 -48721.5 203439 526778 168105 -7.84088 56090.3 -9.97724 92543.6 168105 169405 -60077.5 33490 16662.9 6552.31 -7.84088 -60077.5 150532 -24006.3 0.0987705 31675 56090.3 33490 -24006.3 52400.7 -14986 -48721.5 -9.97724 16662.9 0.0987705 -14986 150533 
164538 96117.7 140116 -1296.07 58787.6 -30511.3 96117.7 282473 163955 3.0733 23454.4 2.27782 140116 163955 910856 -11618.9 112585 -19682.8 -1296.07 3.0733 -11618.9 80704.3 -30262.5 0.138557 58787.6 23454.4 112585 -30262.5 81496.4 -7458.35 -30511.3 2.27782 -19682.8 0.138557 -7458.35 80704.1 
148189 187099 52627 5004.44 -5730.09 -55485 187099 565821 119347 4.98571 1799.57 2.4101 52627 119347 102941 14415.1 -5614.83 -7848.07 5004.44 4.98571 14415.1 161670 -45789.8 0.230444 -5730.09 1799.57 -5614.83 -45789.8 37145 4887.64 -55485 2.4101 -7848.07 0.230444 4887.64 161671 
745038 111559 325765 1628.05 6749.91 3631.2 111559 161735 109046 1.55736 -3397.36 1.06772 325765 109046 765840 3144.78 1831.76 -1003.53 1628.05 1.55736 3144.78 46207.6 802.568 0.207859 6749.91 -3397.36 1831.76 802.568 268798 2406.08 3631.2 1.06772 -1003.53 0.207859 2406.08 46207.6 
554301 102149 263664 -16639.8 -272111 -1682.68 102149 282168 98321.9 0.472511 -31971.1 0.599659 263664 98321.9 267516 -41720.4 -172961 18167 -16639.8 0.472511 -41720.4 80621.2 12454.9 0.117779 -272111 -31971.1 -172961 12454.9 218487 -19748.5 -1682.68 0.599659 18167 0.117779 -19748.5 80621 
669640 69818.1 183477 -15435.4 -33269.7 -475.26 69818.1 158698 74238.2 0.134929 -13229.6 1.06819 183477 74238.2 797703 -63114.5 -23242.4 5485.48 -15435.4 0.134929 -63114.5 45339.9 5014.38 -0.0134076 -33269.7 -13229.6 -23242.4 5014.38 208733 -22225.8 -475.26 1.06819 5485.48 -0.0134076 -22225.8 45339.6 
169867 190133 71085.4 9903.76 -15889.8 -41309.6 190133 539802 131392 -2.52896 -14673.1 -5.68248 71085.4 131392 149062 -26007.2 -13514.7 -2863.73 9903.76 -2.52896 -26007.2 154248 -36919.4 -0.00374972 -15889.8 -14673.1 -13514.7 -36919.4 51531.7 -6421.02 -41309.6 -5.68248 -2863.73 -0.00374972 -6421.02 154247 
161318 93320.6 111547 894.141 17948.7 -23179.5 93320.6 286844 153854 1.73626 11699 -0.0519828 111547 153854 676524 15705 50815.9 -1218.83 894.141 1.73626 15705 81954.4 -21502.9 -0.0610137 17948.7 11699 50815.9 -21502.9 67909.6 1737.01 -23179.5 -0.0519828 -1218.83 -0.0610137 1737.01 81954.5 
169476 194398 76918.7 1556.28 -3562.95 -44080.7 194398 555448 157818 4.95126 -919.388 2.85243 76918.7 157818 180674 13981.6 -4718.12 -5057.18 1556.28 4.95126 13981.6 158701 -47217.3 0.398358 -3562.95 -919.388 -4718.12 -47217.3 50217.4 3959.35 -44080.7 2.85243 -5057.18 0.398358 3959.35 158700 
735203 111322 292993 2338.36 9364.48 5214.66 111322 163932 105491 -0.059214 3316.45 -0.0214578 292993 105491 674381 3783.74 2981.39 1458.74 2338.36 -0.059214 3783.74 46839.1 2016.19 0.270499 9364.48 3316.45 2981.39 2016.19 226203 2401.62 5214.66 -0.0214578 1458.74 0.270499 2401.62 46838.8 
623320 130893 173478 -5767.85 -118442 9743.62 130893 279095 91439 1.28822 -21800.3 1.18617 173478 91439 274807 -19219.5 -88763.2 4285.63 -5767.85 1.28822 -19219.5 79740.6 3488.66 -0.10956 -118442 -21800.3 -88763.2 3488.66 162598 -8079.94 9743.62 1.18617 4285.63 -0.10956 -8079.94 79740.8 
678608 88092.5 250266 -2181.7 -1753.35 8101.94 88092.5 164579 102935 0.638229 -450.705 0.16877 250266 102935 692281 -6652.36 7142.51 2403.4 -2181.7 0.638229 -6652.36 47020.8 3579.63 -0.127254 -1753.35 -450.705 7142.51 3579.63 202892 -2942.48 8101.94 0.16877 2403.4 -0.127254 -2942.48 47021.3 
198144 196154 75782.2 45.1161 -9331.82 -29753.9 196154 540489 137655 2.26072 -14560.2 2.42866 75782.2 137655 141633 -15959.8 -8310.09 -4558.78 45.1161 2.26072 -15959.8 154423 -18289 0.305643 -9331.82 -14560.2 -8310.09 -18289 44915.3 -4293.18 -29753.9 2.42866 -4558.78 0.305643 -4293.18 154423 
170085 96144.7 144644 -1528.4 25025 -22588.7 96144.7 295523 152867 -0.209988 7730.35 0.103034 144644 152867 851634 28213.8 102855 -3579.46 -1528.4 -0.209988 28213.8 84435.8 -23278 0.0341061 25025 7730.35 102855 -23278 88110.1 3488.28 -22588.7 0.103034 -3579.46 0.0341061 3488.28 84435.8 
177748 197649 80124.9 -5858.82 -23944.1 -45408.6 197649 569897 158430 2.92701 -36935.9 0.477392 80124.9 158430 175951 27333.3 -18929.2 -5509.47 -5858.82 2.92701 27333.3 162828 -35082.5 -0.161844 -23944.1 -36935.9 -18929.2 -35082.5 52942.1 8134.64 -45408.6 0.477392 -5509.47 -0.161844 8134.64 162829 
743346 109085 274513 15770 48059.9 7270.17 109085 160984 77489.7 0.26021 11829.8 -0.153874 274513 77489.7 707288 46799.4 2995.72 -2469.81 15770 0.26021 46799.4 45996.9 503.3 -0.180757 48059.9 11829.8 2995.72 503.3 244223 15137.9 7270.17 -0.153874 -2469.81 -0.180757 15137.9 45996.7 
625578 126094 231673 -6361.86 -231496 6052.08 126094 284728 96202.3 0.725748 -37325.8 0.921079 231673 96202.3 247415 -22173.4 -132404 5884.66 -6361.86 0.725748 -22173.4 81349.8 6024.89 -0.105284 -231496 -37325.8 -132404 6024.89 179877 -8721.17 6052.08 0.921079 5884.66 -0.105284 -8721.17 81349.8 
687602 92060 265127 -15.3307 2142.38 9002.83 92060 170306 109245 -0.990267 10851.1 -0.24221 265127 109245 746252 -9183.29 24347.8 1973.01 -15.3307 -0.990267 -9183.29 48659.4 3007.26 0.443747 2142.38 10851.1 24347.8 3007.26 215711 -502.952 9002.83 -0.24221 1973.01 0.443747 -502.952 48659.3 
1.05031e+006 462754 459122 -5175.5 87222.1 143957 462754 634810 443252 -5.61902 102660 -0.459793 459122 443252 941001 105434 107212 12522.7 -5175.5 -5.61902 105434 181384 53888.3 0.847611 87222.1 102660 107212 53888.3 187841 25403.8 143957 -0.459793 12522.7 0.847611 25403.8 181384 
1.02265e+006 578217 421000 -29043.3 -168759 44988.7 578217 872633 325454 8.42475 -86287.8 4.12795 421000 325454 534126 -97814.5 -91931.6 -16633.2 -29043.3 8.42475 -97814.5 249318 -26584.2 0.998385 -168759 -86287.8 -91931.6 -26584.2 220898 -71087.5 44988.7 4.12795 -16633.2 0.998385 -71087.5 249318 
1.15904e+006 552879 548548 3752.3 32033 122326 552879 695970 382373 6.07287 21288.5 3.9832 548548 382373 867482 -3991.2 13594.4 29582.7 3752.3 6.07287 -3991.2 198839 56640.1 1.26116 32033 21288.5 13594.4 56640.1 269399 9049.84 122326 3.9832 29582.7 1.26116 9049.84 198838 
629083 541554 339237 -208541 63475.1 -417235 541554 1.10708e+006 531837 -370335 92595.5 -376626 339237 531837 613881 -395924 63319.9 -207885 -208541 -370335 -395924 461036 -98913.8 152361 63475.1 92595.5 63319.9 -98913.8 122315 -98856.6 -417235 -376626 -207885 152361 -98856.6 475733 
473511 342430 363754 13793.8 80309.5 -81114.5 342430 925787 622994 4.05566 51139.4 3.79744 363754 622994 1.18929e+006 69351.4 130275 45304.8 13793.8 4.05566 69351.4 264501 -17336.6 0.759563 80309.5 51139.4 130275 -17336.6 173160 7111.19 -81114.5 3.79744 45304.8 0.759563 7111.19 264500 
607252 607586 389878 -28928.6 60680.2 -314070 607586 1.98738e+006 899130 7.37852 -2064.25 9.17793 389878 899130 746931 -122372 47131.3 -68544.8 -28928.6 7.37852 -122372 567798 -185251 2.72538 60680.2 -2064.25 47131.3 -185251 184219 -103888 -314070 9.17793 -68544.8 2.72538 -103888 567800 
900143 407923 382291 1400.13 28897.6 124442 407923 652494 325525 -0.394749 28866.7 -1.73385 382291 325525 734196 28238.2 30904.9 28250.8 1400.13 -0.394749 28238.2 186426 41896.1 0.575344 28897.6 28866.7 30904.9 41896.1 184434 11422.4 124442 -1.73385 28250.8 0.575344 11422.4 186428 
1.28454e+006 545293 482035 -233399 173.429 -492084 545293 551585 329489 -199871 57753.8 -278034 482035 329489 547803 -249483 -16939 -185825 -233399 -199871 -249483 223468 -69553.4 127209 173.429 57753.8 -16939 -69553.4 212875 -99886.7 -492084 -278034 -185825 127209 -99886.7 318022 
865728 181784 334804 -300.662 2759.65 82667 181784 235072 146335 0.12215 -231.416 -0.520588 334804 146335 692945 -12123.2 -12503.2 20576.9 -300.662 0.12215 -12123.2 67165.1 38099.5 0.220407 2759.65 -231.416 -12503.2 38099.5 241750 -735.959 82667 -0.520588 20576.9 0.220407 -735.959 67164.3 
223963 170729 79133.8 -2583.22 -6320.13 -59529.3 170729 695464 169944 0.860701 -6139.43 1.23324 79133.8 169944 223737 -26807.2 -6512.48 -6881.76 -2583.22 0.860701 -26807.2 198704 -14742.1 0.805185 -6320.13 -6139.43 -6512.48 -14742.1 64630.2 -4674.19 -59529.3 1.23324 -6881.76 0.805185 -4674.19 198703 
238745 100104 146396 2671.24 30145.1 -20837.1 100104 315763 156415 -0.312425 10638.9 -0.344967 146396 156415 733876 22388.6 66904.6 -1806.79 2671.24 -0.312425 22388.6 90219.2 -7042.46 -0.0740122 30145.1 10638.9 66904.6 -7042.46 108031 5221.76 -20837.1 -0.344967 -1806.79 -0.0740122 5221.76 90219.3 
779171 661137 315410 -265271 166225 -554365 661137 1.14291e+006 404859 -357251 188961 -466031 315410 404859 360544 -199530 108388 -219184 -265271 -357251 -199530 383944 -178465 204526 166225 188961 108388 -178465 163881 -147001 -554365 -466031 -219184 204526 -147001 558413 
699563 110859 259235 426.027 2905.89 75309.2 110859 229414 133596 -0.637213 14370.3 0.177338 259235 133596 695783 -4100.55 15106.1 22042.7 426.027 -0.637213 -4100.55 65547.2 30252.1 0.469677 2905.89 14370.3 15106.1 30252.1 197760 1054.39 75309.2 0.177338 22042.7 0.469677 1054.39 65547.3 
626385 165572 228094 -4887.31 -178788 39357.2 165572 309312 150452 0.463268 -60038.2 1.15375 228094 150452 334164 -23667.1 -149713 27597.3 -4887.31 0.463268 -23667.1 88372.7 7377 -0.242913 -178788 -60038.2 -149713 7377 191281 -30397.8 39357.2 1.15375 27597.3 -0.242913 -30397.8 88372.7 
803528 168100 309317 -5977.58 958.272 67495.8 168100 241507 146389 0.101221 -3898.7 -0.161114 309317 146389 737580 -60227.6 -52533.4 10524.1 -5977.58 0.101221 -60227.6 69002 40160.9 -0.495238 958.272 -3898.7 -52533.4 40160.9 243303 -13865.4 67495.8 -0.161114 10524.1 -0.495238 -13865.4 69001.6 
389624 1.09932e+006 545844 474082 -8042.3 242534 1.09932e+006 5.34714e+006 2.48178e+006 2.27978e+006 22248.3 1.29613e+006 545844 2.48178e+006 1.38051e+006 1.22236e+006 10012.5 608854 474082 2.27978e+006 1.22236e+006 1.60153e+006 22292.2 513298 -8042.3 22248.3 10012.5 22292.2 66655.3 61605.2 242534 1.29613e+006 608854 513298 61605.2 791518 
275696 112185 197690 442.543 49248.6 -20948.6 112185 336019 159742 -0.76788 21258.7 -0.638268 197690 159742 876343 17842.9 108754 -19963.2 442.543 -0.76788 17842.9 96005.8 -6144.82 -0.0500024 49248.6 21258.7 108754 -6144.82 119967 11285.6 -20948.6 -0.638268 -19963.2 -0.0500024 11285.6 96005.2 
255614 195085 88750.2 -879.338 -14070.9 -83575 195085 715515 178268 0.551176 -7868.74 0.331965 88750.2 178268 235220 53646.3 -23643.3 -9058.36 -879.338 0.551176 53646.3 204431 -54832.9 1.0325 -14070.9 -7868.74 -23643.3 -54832.9 84200.6 8159.16 -83575 0.331965 -9058.36 1.0325 8159.16 204431 
440972 48218.5 141742 -2337.85 -14975.9 -10457.8 48218.5 94739.8 59792.4 0.187932 -32098.9 0.0766327 141742 59792.4 530495 -7226.31 -26652.7 -4482.28 -2337.85 0.187932 -7226.31 27068.6 -4063.78 -0.0134497 -14975.9 -32098.9 -26652.7 -4063.78 191403 -3630.69 -10457.8 0.0766327 -4482.28 -0.0134497 -3630.69 27068.5 
416082 61104.5 196435 -1417.37 -136779 9816.39 61104.5 100853 58215.8 0.145252 -12079.3 0.0708713 196435 58215.8 218634 -2274.38 -97869.6 7933.77 -1417.37 0.145252 -2274.38 28814.9 13825.7 -0.0506196 -136779 -12079.3 -97869.6 13825.7 153750 1237.35 9816.39 0.0708713 7933.77 -0.0506196 1237.35 28815 
463523 62920.3 236043 -34587.4 16169.4 -69481.4 62920.3 109322 112800 -17671.6 473.696 -11728.1 236043 112800 555430 -97426.2 6745.08 -33257.9 -34587.4 -17671.6 -97426.2 45824.6 -12121.4 7030.98 16169.4 473.696 6745.08 -12121.4 136852 -26006 -69481.4 -11728.1 -33257.9 7030.98 -26006 43488.3 
131194 49967.8 47031.3 192.475 1714.38 14240.5 49967.8 135053 51071.9 -0.00215854 1644.83 -0.422861 47031.3 51071.9 129710 13039.9 1673.52 1029.63 192.475 -0.00215854 13039.9 38587 3360.7 -0.00369363 1714.38 1644.83 1673.52 3360.7 30894.7 3126.98 14240.5 -0.422861 1029.63 -0.00369363 3126.98 38587 
203153 60261.3 180607 -29190.7 70551.6 -23873.3 60261.3 109600 72306.4 -14065 15863 -12571 180607 72306.4 608484 -72401 111739 -41960.3 -29190.7 -14065 -72401 39652.4 -24003.6 6244.63 70551.6 15863 111739 -24003.6 89346.5 -11184.4 -23873.3 -12571 -41960.3 6244.63 -11184.4 31945.5 
155398 46585.2 68776.6 4207.55 7333.85 13664.6 46585.2 99565 40466 0.0688644 1900.69 -0.0424202 68776.6 40466 161525 22504.5 4433.34 1310.01 4207.55 0.0688644 22504.5 28447.1 4528.23 -0.0638521 7333.85 1900.69 4433.34 4528.23 54261.8 11718.6 13664.6 -0.0424202 1310.01 -0.0638521 11718.6 28447.1 
526768 83867.4 230733 -43071.9 94312.1 -93259.9 83867.4 105896 92448.3 -17124.2 18324.6 -16257.8 230733 92448.3 342170 -54205.1 84965.5 -44568.9 -43071.9 -17124.2 -54205.1 40000.8 -33994.4 10349.3 94312.1 18324.6 84965.5 -33994.4 153092 -31984.9 -93259.9 -16257.8 -44568.9 10349.3 -31984.9 45997.7 
323064 65768.5 110033 -477.48 -21658.1 1439.04 65768.5 130100 57580.8 0.0179213 1389.08 0.0432574 110033 57580.8 162584 -6730.19 -26057.8 -1074.87 -477.48 0.0179213 -6730.19 37171.3 7903.81 -0.0438494 -21658.1 1389.08 -26057.8 7903.81 94049.5 1139.99 1439.04 0.0432574 -1074.87 -0.0438494 1139.99 37171.4 
244622 45278.4 95124.4 451.406 -3386.79 -16549.5 45278.4 134615 76446.6 0.0988715 5016.75 0.0800718 95124.4 76446.6 211637 902.024 -409.378 -2852.96 451.406 0.0988715 902.024 38461.6 -1540.2 0.0231935 -3386.79 5016.75 -409.378 -1540.2 68839.4 942.831 -16549.5 0.0800718 -2852.96 0.0231935 942.831 38461.6 
130323 50144 56052.9 -325.062 952.131 13083.2 50144 134616 55967.9 0.253046 652.038 -0.0217971 56052.9 55967.9 157650 -3101.96 1641.31 1810.48 -325.062 0.253046 -3101.96 38461.7 2918.46 0.0294613 952.131 652.038 1641.31 2918.46 34899.8 -1109.96 13083.2 -0.0217971 1810.48 0.0294613 -1109.96 38461.5 
140769 55986.6 76339.1 590.846 7018.57 6332.02 55986.6 134614 69557.8 -0.0192076 1597.45 -0.232888 76339.1 69557.8 219659 4236.02 10912.6 1080.35 590.846 -0.0192076 4236.02 38461.5 244.883 -0.0383569 7018.57 1597.45 10912.6 244.883 38815.7 201.482 6332.02 -0.232888 1080.35 -0.0383569 201.482 38461.6 
167712 58503.4 71260.1 795.22 2063.82 11559.7 58503.4 135219 56612.5 -0.153173 477.31 -0.315952 71260.1 56612.5 158641 5482.25 919.673 952.865 795.22 -0.153173 5482.25 38634.8 5458.93 -0.11025 2063.82 477.31 919.673 5458.93 48484.8 2258.89 11559.7 -0.315952 952.865 -0.11025 2258.89 38634.8 
297537 64561.3 115135 1623.72 -10805.3 -20327 64561.3 134418 79679.3 0.0580543 895.879 0.154101 115135 79679.3 245454 22344.1 -9563.09 -3188.02 1623.72 0.0580543 22344.1 38405 -9768.23 0.0701638 -10805.3 895.879 -9563.09 -9768.23 95445.3 4745.57 -20327 0.154101 -3188.02 0.0701638 4745.57 38404.9 
354086 72621.1 98859.9 624.882 -46658.9 2076.98 72621.1 137249 40241.7 -0.00420231 8457.79 0.0385352 98859.9 40241.7 178787 -12970 -41469.9 -7047.03 624.882 -0.00420231 -12970 39213.9 8065.02 -0.0358519 -46658.9 8457.79 -41469.9 8065.02 89138.3 2794.39 2076.98 0.0385352 -7047.03 -0.0358519 2794.39 39214 
255505 64328 171500 34568.3 35933.8 28725 64328 146812 124852 28676.3 39144.9 19893.4 171500 124852 609401 120622 57316.6 33309.2 34568.3 28676.3 120622 62442.6 23306.1 9627.73 35933.8 39144.9 57316.6 23306.1 122150 31921.4 28725 19893.4 33309.2 9627.73 31921.4 46984.7 
122237 37081 57765.9 -1664.29 -4136.96 11986 37081 101577 43693.4 0.0357959 718.223 0.129166 57765.9 43693.4 194558 -23477 -3321.54 2167.03 -1664.29 0.0357959 -23477 29022 1648.02 -0.0484066 -4136.96 718.223 -3321.54 1648.02 49182.9 -10984.6 11986 0.129166 2167.03 -0.0484066 -10984.6 29022 
153885 71723.5 205097 36886.3 33327.8 34755.4 71723.5 149553 167254 30535.8 10810.3 17322.9 205097 167254 817290 142045 78194.2 55657.4 36886.3 30535.8 142045 64367.8 19155.1 9743.94 33327.8 10810.3 78194.2 19155.1 65978.3 11649.5 34755.4 17322.9 55657.4 9743.94 11649.5 47017.4 
171607 59503.8 62901.1 -327.123 -1644.19 10861.7 59503.8 138843 53996.5 -0.00662097 -3786.93 -0.0191756 62901.1 53996.5 141035 -8861.39 -6189.67 891.083 -327.123 -0.00662097 -8861.39 39669.3 7259.09 -0.00988998 -1644.19 -3786.93 -6189.67 7259.09 43640.6 -1629.74 10861.7 -0.0191756 891.083 -0.00988998 -1629.74 39669.2 
171601 168514 86572.3 7756.7 20277.3 -27377.5 168514 429979 141186 -0.276239 41935.8 -2.25466 86572.3 141186 148894 -36572.9 20673.6 11539.2 7756.7 -0.276239 -36572.9 122854 -8747.14 0.105437 20277.3 41935.8 20673.6 -8747.14 46324.4 -7237.64 -27377.5 -2.25466 11539.2 0.105437 -7237.64 122854 
171216 92606.9 174802 93.5386 68173.1 -16880.9 92606.9 246418 158353 -0.0733872 25098.6 -0.57696 174802 158353 1.08383e+006 14642.4 140514 -20691.2 93.5386 -0.0733872 14642.4 70407.7 -21515.7 0.187872 68173.1 25098.6 140514 -21515.7 88131.1 865.236 -16880.9 -0.57696 -20691.2 0.187872 865.236 70407.7 
149637 169402 53759.2 4001.03 -2256.7 -30982.9 169402 450963 102617 1.14518 4193.32 -5.30431 53759.2 102617 109612 28967.9 -5848.96 -3722.53 4001.03 1.14518 28967.9 128858 -30632.6 0.293233 -2256.7 4193.32 -5848.96 -30632.6 34064.8 6503.26 -30982.9 -5.30431 -3722.53 0.293233 6503.26 128858 
757406 95615.8 326483 835.999 6357.5 1897.85 95615.8 136068 94806.6 4.75017 -5233.39 4.59819 326483 94806.6 782680 2386.59 2052.87 -1756.92 835.999 4.75017 2386.59 38873.2 -613.177 0.0872678 6357.5 -5233.39 2052.87 -613.177 285730 1464 1897.85 4.59819 -1756.92 0.0872678 1464 38873.1 
656571 112765 329551 -12209.9 -329622 10241 112765 247184 112202 3.61958 -39537.4 6.62632 329551 112202 309106 -31265.3 -210923 25026.2 -12209.9 3.61958 -31265.3 70615.3 11623.1 -0.0209075 -329622 -39537.4 -210923 11623.1 252360 -22600.5 10241 6.62632 25026.2 -0.0209075 -22600.5 70615.2 
715962 54388.4 178729 -10722.3 -40716.6 2196.99 54388.4 132555 82087.2 -4.08704 -17150.6 -2.38716 178729 82087.2 835615 -54355 -32817.4 5745.79 -10722.3 -4.08704 -54355 37872.8 6167.5 -0.0516003 -40716.6 -17150.6 -32817.4 6167.5 214456 -18550.2 2196.99 -2.38716 5745.79 -0.0516003 -18550.2 37872.5 
173537 163151 69238.1 866.325 0.277027 -19398.8 163151 435954 113612 0.722235 3162.61 -2.0051 69238.1 113612 142208 -21020.5 -182.507 1284.78 866.325 0.722235 -21020.5 124560 -15939.5 0.0471156 0.277027 3162.61 -182.507 -15939.5 44837.5 -3948.36 -19398.8 -2.0051 1284.78 0.0471156 -3948.36 124560 
139664 83734.2 113483 796.747 19782.5 -17385.8 83734.2 243420 146430 -0.528964 9721.45 0.129487 113483 146430 735243 18113.6 59717.6 748.58 796.747 -0.528964 18113.6 69550.6 -17873.7 0.0999665 19782.5 9721.45 59717.6 -17873.7 60283.9 2108.76 -17385.8 0.129487 748.58 0.0999665 2108.76 69550.7 
149794 168676 64610 1296.19 -4461.69 -32063.2 168676 451601 124153 0.703329 -5048.83 -1.67138 64610 124153 150851 16525 -7042.25 -2344.71 1296.19 0.703329 16525 129038 -39070.6 0.525938 -4461.69 -5048.83 -7042.25 -39070.6 44076.3 2528.36 -32063.2 -1.67138 -2344.71 0.525938 2528.36 129037 
743949 95552.4 291674 2437.84 8706.58 3250.41 95552.4 136569 93339.6 -0.216871 2669.92 1.04301 291674 93339.6 687346 7933.45 396.965 504.79 2437.84 -0.216871 7933.45 39019.5 622.73 0.125749 8706.58 2669.92 396.965 622.73 236522 2743.92 3250.41 1.04301 504.79 0.125749 2743.92 39019.2 
675919 125291 204783 -5588.07 -170214 14146.4 125291 246574 83378.5 1.36266 -26771.8 4.05199 204783 83378.5 254031 -20770.4 -113806 7312.7 -5588.07 1.36266 -20770.4 70442.6 5003.17 -0.18133 -170214 -26771.8 -113806 5003.17 172173 -11671.4 14146.4 4.05199 7312.7 -0.18133 -11671.4 70442.7 
702476 67234.8 246317 -2263.21 -3802.44 5568.47 67234.8 138505 91675 -1.96841 -469.626 0.541506 246317 91675 711361 -10328.6 5354.91 1384.11 -2263.21 -1.96841 -10328.6 39572.2 4856.89 -0.134566 -3802.44 -469.626 5354.91 4856.89 208479 -3046.47 5568.47 0.541506 1384.11 -0.134566 -3046.47 39572.5 
170993 161077 62533.6 -188.334 -6137.5 -19608.2 161077 435450 106521 1.85306 -7879.74 1.50573 62533.6 106521 123907 -20985.8 -5754.18 -2659.94 -188.334 1.85306 -20985.8 124418 -8280.23 0.379435 -6137.5 -7879.74 -5754.18 -8280.23 36815.7 -4056.66 -19608.2 1.50573 -2659.94 0.379435 -4056.66 124418 
142205 87609.1 144915 -1336.83 23281.5 -17426.3 87609.1 254154 154926 0.94424 2765.85 2.26523 144915 154926 904045 28408.2 104231 4556.42 -1336.83 0.94424 28408.2 72612.9 -20112.6 0.150533 23281.5 2765.85 104231 -20112.6 76110.9 1960.24 -17426.3 2.26523 4556.42 0.150533 1960.24 72612.9 
154030 169564 71498.3 -4180.68 -21436.8 -32847.2 169564 457234 132234 0.733589 -36536.8 -0.803996 71498.3 132234 153696 21292 -17360 -4114.35 -4180.68 0.733589 21292 130637 -29536.6 0.0864747 -21436.8 -36536.8 -17360 -29536.6 46630 3826.24 -32847.2 -0.803996 -4114.35 0.0864747 3826.24 130638 
741567 95052.9 287744 14580.9 57143.8 5497.46 95052.9 132259 75999.7 -0.41071 12847.5 -0.57082 287744 75999.7 762096 50003.3 6746.14 -2131.38 14580.9 -0.41071 50003.3 37788.9 -528.542 -0.221347 57143.8 12847.5 6746.14 -528.542 256918 16324.4 5497.46 -0.57082 -2131.38 -0.221347 16324.4 37788.7 
668262 119991 271461 -6298.56 -284337 9722.02 119991 250657 83363.4 -1.15634 -39227.5 -0.619932 271461 83363.4 255825 -26930.7 -164035 4392.47 -6298.56 -1.15634 -26930.7 71616.6 7209.52 -0.180352 -284337 -39227.5 -164035 7209.52 206589 -11718.6 9722.02 -0.619932 4392.47 -0.180352 -11718.6 71616.5 
707913 71045.8 258982 226.718 -3335.67 6508.45 71045.8 143244 91942 -0.338526 13401.8 -0.4336 258982 91942 752408 -8310.96 21916.5 756.137 226.718 -0.338526 -8310.96 40925.3 4128.48 0.312207 -3335.67 13401.8 21916.5 4128.48 222314 268.965 6508.45 -0.4336 756.137 0.312207 268.965 40925.1 
919277 201718 250251 -6978.58 39518.9 119229 201718 304050 194602 3.93405 31759.4 2.05528 250251 194602 802602 94248.8 71156.2 3523.11 -6978.58 3.93405 94248.8 86853.4 43601.5 -0.0856764 39518.9 31759.4 71156.2 43601.5 180435 23601.7 119229 2.05528 3523.11 -0.0856764 23601.7 86853 
651005 191013 264914 -11237.8 -162788 46078.2 191013 344468 118953 1.25754 -52004.5 8.39788 264914 118953 345505 -29643.8 -102657 3690.08 -11237.8 1.25754 -29643.8 98405.6 3934.06 -0.602027 -162788 -52004.5 -102657 3934.06 188091 -26874.2 46078.2 8.39788 3690.08 -0.602027 -26874.2 98406.9 
907688 252243 380539 5218.8 31539.2 97089.2 252243 314974 177061 -3.45409 6542.73 3.85607 380539 177061 724911 26365.8 26220.1 22601.2 5218.8 -3.45409 26365.8 89972 42533.5 0.201063 31539.2 6542.73 26220.1 42533.5 263355 11520.6 97089.2 3.85607 22601.2 0.201063 11520.6 89973.6 
297645 180089 97058.2 -8410.99 -926.197 -68440.4 180089 708165 174733 1.35594 -2019.37 -22.8232 97058.2 174733 272542 -64667.1 4682.61 -3907.41 -8410.99 1.35594 -64667.1 202349 -15799.2 0.343142 -926.197 -2019.37 4682.61 -15799.2 83578.4 -16000.7 -68440.4 -22.8232 -3907.41 0.343142 -16000.7 202346 
331052 139214 223485 9467.37 81855.8 -18034.7 139214 363612 251219 0.577411 23379.7 -14.7057 223485 251219 900742 54484 121915 27061.3 9467.37 0.577411 54484 103894 -3665.48 0.813675 81855.8 23379.7 121915 -3665.48 143784 9877.05 -18034.7 -14.7057 27061.3 0.813675 9877.05 103893 
311062 202764 150718 -1364.1 12850.9 -98485.7 202764 712844 286325 -0.326455 -4828.94 -10.0973 150718 286325 363885 -17047.6 10500.5 -18678.6 -1364.1 -0.326455 -17047.6 203698 -61475.7 -0.00720089 12850.9 -4828.94 10500.5 -61475.7 103160 -19701.3 -98485.7 -10.0973 -18678.6 -0.00720089 -19701.3 203694 
755419 166868 265538 1662.57 18420.9 93028.3 166868 313282 161561 4.13816 12707.5 4.28822 265538 161561 646688 26273.5 27019.5 21608.5 1662.57 4.13816 26273.5 89491.4 36118.5 -0.234161 18420.9 12707.5 27019.5 36118.5 185783 9957.68 93028.3 4.28822 21608.5 -0.234161 9957.68 89494.2 
724115 211500 230584 -4121.26 -111994 53953.2 211500 361232 140460 -7.47515 -35496.6 -7.88719 230584 140460 359505 -14341.5 -83648.1 15577.9 -4121.26 -7.47515 -14341.5 103210 5819.16 -0.792137 -111994 -35496.6 -83648.1 5819.16 173488 -16951.1 53953.2 -7.88719 15577.9 -0.792137 -16951.1 103209 
869813 242841 352962 -142.329 1450.61 90087.1 242841 313650 183809 -6.98516 -3469.11 -5.97882 352962 183809 681506 -8977.39 -10867.1 22825 -142.329 -6.98516 -8977.39 89632.3 37646.2 0.32438 1450.61 -3469.11 -10867.1 37646.2 225836 -1045.78 90087.1 -5.97882 22825 0.32438 -1045.78 89631.1 
297733 174316 99391.5 -3032.84 -10021.8 -62608.2 174316 671900 175196 1.84903 -8187.97 7.47723 99391.5 175196 292250 -22411.3 -12185.4 -8777.88 -3032.84 1.84903 -22411.3 191968 -15424.3 0.906269 -10021.8 -8187.97 -12185.4 -15424.3 91443 -4467.74 -62608.2 7.47723 -8777.88 0.906269 -4467.74 191967 
298494 120370 165369 2475.46 28875.9 -22723.2 120370 355114 173839 -3.10476 10744 1.2133 165369 173839 713335 18054.4 56738.8 -2965.31 2475.46 -3.10476 18054.4 101459 -5419.73 0.413451 28875.9 10744 56738.8 -5419.73 125821 4422.31 -22723.2 1.2133 -2965.31 0.413451 4422.31 101459 
311603 192173 111456 539.34 -10350.7 -88650.9 192173 707960 193309 -14.4458 -6253.44 -15.2676 111456 193309 295158 13882.6 -13522 -13864.2 539.34 -14.4458 13882.6 202271 -49414 0.877951 -10350.7 -6253.44 -13522 -49414 101618 -510.032 -88650.9 -15.2676 -13864.2 0.877951 -510.032 202271 
731358 168643 283304 214.66 3578.9 90182.4 168643 311540 170264 8.40339 18529.4 -1.08799 283304 170264 697925 -13834.5 12344.8 25996.2 214.66 8.40339 -13834.5 89021.7 38017.7 0.68083 3578.9 18529.4 12344.8 38017.7 193178 724.252 90182.4 -1.08799 25996.2 0.68083 724.252 89021.4 
625603 187707 234596 -5333.13 -147315 43831.4 187707 355218 185616 3.67538 -66532.6 0.909078 234596 185616 383342 -19309.7 -137702 32374 -5333.13 3.67538 -19309.7 101497 5992.89 -0.613251 -147315 -66532.6 -137702 5992.89 188800 -31239.3 43831.4 0.909078 32374 -0.613251 -31239.3 101497 
805741 224690 335547 -6573.14 -9282.62 76700.7 224690 319647 191944 -2.704 -17730 -7.5554 335547 191944 740447 -67295.1 -60286.2 13249.5 -6573.14 -2.704 -67295.1 91335.5 43769.2 -0.623488 -9282.62 -17730 -60286.2 43769.2 232361 -16001 76700.7 -7.5554 13249.5 -0.623488 -16001 91334.9 
314757 199944 133383 -3671.8 -24027.6 -52870.4 199944 692057 284307 4.03701 -13114.6 2.87468 133383 284307 352317 155.774 -15279.9 1905.09 -3671.8 4.03701 155.774 197722 -7933.36 -0.331373 -24027.6 -13114.6 -15279.9 -7933.36 79388 8556.13 -52870.4 2.87468 1905.09 -0.331373 8556.13 197723 
336086 131269 198497 -728.182 45980.7 -22710.6 131269 375017 157662 -5.40144 24088.9 -6.1188 198497 157662 784785 6609.75 83308.8 -28146.7 -728.182 -5.40144 6609.75 107148 -4132.6 0.449806 45980.7 24088.9 83308.8 -4132.6 133930 12604.3 -22710.6 -6.1188 -28146.7 0.449806 12604.3 107147 
320803 197450 106959 -2563.34 -16559.5 -85815.8 197450 716188 188496 -1.6103 -3274.28 1.11303 106959 188496 301954 50595.5 -23261 -11067.1 -2563.34 -1.6103 50595.5 204624 -54577.4 1.57537 -16559.5 -3274.28 -23261 -54577.4 108145 7735.22 -85815.8 1.11303 -11067.1 1.57537 7735.22 204623 
332162 50511.3 109502 -2638.82 -1562.82 -20234.7 50511.3 127791 58776.9 0.210861 -33127.3 -0.195291 109502 58776.9 368133 -16831.2 -8727.6 -3680.62 -2638.82 0.210861 -16831.2 36512.4 -8881.51 -0.0414866 -1562.82 -33127.3 -8727.6 -8881.51 139260 -6589.4 -20234.7 -0.195291 -3680.62 -0.0414866 -6589.4 36512.1 
369245 73036.2 157017 -723.146 -81199.6 9230.7 73036.2 130069 64682.2 -0.0517597 -8347.81 -0.545983 157017 64682.2 183727 -3485.86 -56389.4 8543.54 -723.146 -0.0517597 -3485.86 37162.4 12778.6 -0.0294576 -81199.6 -8347.81 -56389.4 12778.6 114299 1450.35 9230.7 -0.545983 8543.54 -0.0294576 1450.35 37161.9 
288907 46644.7 113148 -3705.47 -5405.51 -14142.2 46644.7 134200 82351.6 0.663351 -3835.93 -0.978503 113148 82351.6 275291 -27614.2 -6374.74 -562.308 -3705.47 0.663351 -27614.2 38343.6 1931.8 -0.0434829 -5405.51 -3835.93 -6374.74 1931.8 85828 -7701.6 -14142.2 -0.978503 -562.308 -0.0434829 -7701.6 38342.9 
121940 46968.9 44305.6 532.07 2163.62 14338.3 46968.9 133462 49328.7 0.46305 1693.97 0.354383 44305.6 49328.7 127835 13698.5 2028.22 1154.93 532.07 0.46305 13698.5 38131.7 3497.55 -0.0179333 2163.62 1693.97 2028.22 3497.55 29319.7 3045.5 14338.3 0.354383 1154.93 -0.0179333 3045.5 38131.7 
140077 53833.9 85298.1 1412.48 28582.2 5778.91 53833.9 135230 46427.8 0.562233 5807.98 1.05259 85298.1 46427.8 326281 6543.87 33398.6 -10399.7 1412.48 0.562233 6543.87 38635.4 -1181.16 -0.0071972 28582.2 5807.98 33398.6 -1181.16 54771 4569.39 5778.91 1.05259 -10399.7 -0.0071972 4569.39 38635.2 
154547 56589 70153.3 4304.12 9861.53 13285.9 56589 129752 47388.8 -0.59886 3682.19 -0.6914 70153.3 47388.8 161643 23070.7 7769.62 1379.01 4304.12 -0.59886 23070.7 37073 5172.61 -0.106276 9861.53 3682.19 7769.62 5172.61 53556.1 11516.3 13285.9 -0.6914 1379.01 -0.106276 11516.3 37072.8 
329698 63360.5 141227 -336.709 -10624 -21362.7 63360.5 131471 89945.8 -0.59478 -6364.71 -0.981978 141227 89945.8 271356 -1337.26 -9921.74 -4941.89 -336.709 -0.59478 -1337.26 37563.8 -9344.33 -0.00321594 -10624 -6364.71 -9921.74 -9344.33 105915 -463.107 -21362.7 -0.981978 -4941.89 -0.00321594 -463.107 37564 
401736 74778.6 132900 -1003.39 -47575.7 7729.06 74778.6 131584 56865.8 0.0411122 -3496.93 -0.344387 132900 56865.8 161405 -9924.07 -48502.6 169.624 -1003.39 0.0411122 -9924.07 37595.4 10733.6 -0.0132676 -47575.7 -3496.93 -48502.6 10733.6 110688 -485.585 7729.06 -0.344387 169.624 -0.0132676 -485.585 37595.7 
290945 50703.9 117466 263.517 -3311.82 -12225.7 50703.9 134618 81402.8 -0.279465 4594.85 -0.11002 117466 81402.8 241089 -509.066 -1390.47 -2489.93 263.517 -0.279465 -509.066 38461.5 1910.44 -0.0346494 -3311.82 4594.85 -1390.47 1910.44 81792.2 261.975 -12225.7 -0.11002 -2489.93 -0.0346494 261.975 38461.7 
121715 47325.3 50909.6 -452.165 78.5914 13252.8 47325.3 134623 53043.2 0.0876539 232.011 -0.246237 50909.6 53043.2 145807 -4438.1 599.932 1911.59 -452.165 0.0876539 -4438.1 38461.7 2973.84 0.0214714 78.5914 232.011 599.932 2973.84 32294 -1497.21 13252.8 -0.246237 1911.59 0.0214714 -1497.21 38461.4 
