1569
1569
0 0 5.62958769815455
0 3 0.712787674037833
0 9 0.496760758548966
0 756 1.59021392075727
0 825 0.846204754332408
0 945 0.893979075024
0 948 1.96858909474487
0 951 1.30724502136447
0 1179 0.628601248422
1 1 5.62958769815455
1 4 0.712787674037833
1 10 0.496760758548966
1 757 1.59021392075727
1 826 0.846204754332408
1 946 0.893979075024
1 949 1.96858909474487
1 952 1.30724502136447
1 1180 0.628601248422
2 2 5.62958769815455
2 5 0.712787674037833
2 11 0.496760758548966
2 758 1.59021392075727
2 827 0.846204754332408
2 947 0.893979075024
2 950 1.96858909474487
2 953 1.30724502136447
2 1181 0.628601248422
3 0 0.712787674037833
3 3 3.00767891131166
3 18 0.791051781617999
3 756 0.116808994139833
3 945 1.387030461516
3 948 1.50383945565583
4 1 0.712787674037833
4 4 3.00767891131166
4 19 0.791051781617999
4 757 0.116808994139833
4 946 1.387030461516
4 949 1.50383945565583
5 2 0.712787674037833
5 5 3.00767891131166
5 20 0.791051781617999
5 758 0.116808994139833
5 947 1.387030461516
5 950 1.50383945565583
6 6 19.164581834889
6 12 6.69508625210415
6 18 4.2283220652477
6 21 3.7362414295032
6 945 0.1169300338164
6 951 2.1185462172672
6 1176 5.7646925751525
6 1179 2.4052341974472
6 1368 1.85872928125275
6 1371 1.8230907005424
7 7 19.164581834889
7 13 6.69508625210415
7 19 4.2283220652477
7 22 3.7362414295032
7 946 0.1169300338164
7 952 2.1185462172672
7 1177 5.7646925751525
7 1180 2.4052341974472
7 1369 1.85872928125275
7 1372 1.8230907005424
8 8 19.164581834889
8 14 6.69508625210415
8 20 4.2283220652477
8 23 3.7362414295032
8 947 0.1169300338164
8 953 2.1185462172672
8 1178 5.7646925751525
8 1181 2.4052341974472
8 1370 1.85872928125275
8 1373 1.8230907005424
9 0 0.496760758548966
9 9 19.0078193861177
9 15 3.02139632559988
9 57 6.44746785422523
9 60 1.6324861735575
9 69 2.6388574981366
9 75 3.69672216437745
9 756 1.10650804801825
9 825 3.05644183883363
9 828 4.12605797334651
9 894 2.28903044453256
10 1 0.496760758548966
10 10 19.0078193861177
10 16 3.02139632559988
10 58 6.44746785422523
10 61 1.6324861735575
10 70 2.6388574981366
10 76 3.69672216437745
10 757 1.10650804801825
10 826 3.05644183883363
10 829 4.12605797334651
10 895 2.28903044453256
11 2 0.496760758548966
11 11 19.0078193861177
11 17 3.02139632559988
11 59 6.44746785422523
11 62 1.6324861735575
11 71 2.6388574981366
11 77 3.69672216437745
11 758 1.10650804801825
11 827 3.05644183883363
11 830 4.12605797334651
11 896 2.28903044453256
12 6 6.69508625210415
12 12 85.665604005708
12 15 3.710395054044
12 18 5.34233728506015
12 21 8.72377595842467
12 33 18.6036171503181
12 732 11.0357123890765
12 735 9.86907990597015
12 825 12.2496210234089
12 828 6.934082527155
12 894 2.72839862340862
12 945 3.1890498656688
12 948 8.297735857733
12 951 7.96885336502762
12 1176 7.68099750910384
12 1179 4.9320003976236
12 1392 10.5376628444349
13 7 6.69508625210415
13 13 85.665604005708
13 16 3.710395054044
13 19 5.34233728506015
13 22 8.72377595842467
13 34 18.6036171503181
13 733 11.0357123890765
13 736 9.86907990597015
13 826 12.2496210234089
13 829 6.934082527155
13 895 2.72839862340862
13 946 3.1890498656688
13 949 8.297735857733
13 952 7.96885336502762
13 1177 7.68099750910384
13 1180 4.9320003976236
13 1393 10.5376628444349
14 8 6.69508625210415
14 14 85.665604005708
14 17 3.710395054044
14 20 5.34233728506015
14 23 8.72377595842467
14 35 18.6036171503181
14 734 11.0357123890765
14 737 9.86907990597015
14 827 12.2496210234089
14 830 6.934082527155
14 896 2.72839862340862
14 947 3.1890498656688
14 950 8.297735857733
14 953 7.96885336502762
14 1178 7.68099750910384
14 1181 4.9320003976236
14 1394 10.5376628444349
15 9 3.02139632559988
15 12 3.710395054044
15 15 14.2735838142899
15 57 1.0156994355228
15 756 1.01474781697037
15 825 6.12109247162216
15 828 4.308452909425
15 948 2.21859170825068
16 10 3.02139632559988
16 13 3.710395054044
16 16 14.2735838142899
16 58 1.0156994355228
16 757 1.01474781697037
16 826 6.12109247162216
16 829 4.308452909425
16 949 2.21859170825068
17 11 3.02139632559988
17 14 3.710395054044
17 17 14.2735838142899
17 59 1.0156994355228
17 758 1.01474781697037
17 827 6.12109247162216
17 830 4.308452909425
17 950 2.21859170825068
18 3 0.791051781617999
18 6 4.2283220652477
18 12 5.34233728506015
18 18 16.2894084881531
18 24 0.94720121260047
18 945 3.0861110000448
18 948 2.3731854450444
18 1176 3.47647115282337
18 1179 2.2950476462088
18 1368 1.89438514358202
19 4 0.791051781617999
19 7 4.2283220652477
19 13 5.34233728506015
19 19 16.2894084881531
19 25 0.94720121260047
19 946 3.0861110000448
19 949 2.3731854450444
19 1177 3.47647115282337
19 1180 2.2950476462088
19 1369 1.89438514358202
20 5 0.791051781617999
20 8 4.2283220652477
20 14 5.34233728506015
20 20 16.2894084881531
20 26 0.94720121260047
20 947 3.0861110000448
20 950 2.3731854450444
20 1178 3.47647115282337
20 1181 2.2950476462088
20 1370 1.89438514358202
21 6 3.7362414295032
21 12 8.72377595842467
21 21 21.8519319741326
21 33 5.23050774230127
21 825 4.23663616839167
21 951 3.37158096010662
21 1176 5.27696567382983
21 1371 2.20219002864162
22 7 3.7362414295032
22 13 8.72377595842467
22 22 21.8519319741326
22 34 5.23050774230127
22 826 4.23663616839167
22 952 3.37158096010662
22 1177 5.27696567382983
22 1372 2.20219002864162
23 8 3.7362414295032
23 14 8.72377595842467
23 23 21.8519319741326
23 35 5.23050774230127
23 827 4.23663616839167
23 953 3.37158096010662
23 1178 5.27696567382983
23 1373 2.20219002864162
24 18 0.94720121260047
24 24 12.5049576047247
24 27 4.39371560810699
24 735 2.82986597828124
24 954 2.06722225076916
24 1149 0.65228764817088
24 1176 4.18525655159319
24 1368 1.85876319425535
24 1371 1.82312396330976
25 19 0.94720121260047
25 25 12.5049576047247
25 28 4.39371560810699
25 736 2.82986597828124
25 955 2.06722225076916
25 1150 0.65228764817088
25 1177 4.18525655159319
25 1369 1.85876319425535
25 1372 1.82312396330976
26 20 0.94720121260047
26 26 12.5049576047247
26 29 4.39371560810699
26 737 2.82986597828124
26 956 2.06722225076916
26 1151 0.65228764817088
26 1178 4.18525655159319
26 1370 1.85876319425535
26 1373 1.82312396330976
27 24 4.39371560810699
27 27 20.1949102606767
27 30 3.78666013201255
27 36 0.872857151522998
27 39 0.466499519646299
27 735 6.99393372985277
27 954 4.09078235750979
27 1149 2.1919594188307
27 1176 3.77707322791033
27 1371 3.7188842456226
28 25 4.39371560810699
28 28 20.1949102606767
28 31 3.78666013201255
28 37 0.872857151522998
28 40 0.466499519646299
28 736 6.99393372985277
28 955 4.09078235750979
28 1150 2.1919594188307
28 1177 3.77707322791033
28 1372 3.7188842456226
29 26 4.39371560810699
29 29 20.1949102606767
29 32 3.78666013201255
29 38 0.872857151522998
29 41 0.466499519646299
29 737 6.99393372985277
29 956 4.09078235750979
29 1151 2.1919594188307
29 1178 3.77707322791033
29 1373 3.7188842456226
30 27 3.78666013201255
30 30 44.196036098757
30 33 0.87386292397523
30 36 4.18149223613819
30 87 4.72741623008767
30 735 9.55823048461072
30 927 11.28557567365
30 954 10.2551091769938
30 957 6.57322514077001
30 1149 2.75067068592867
30 1371 4.60739003284969
30 1392 7.69442143111903
31 28 3.78666013201255
31 31 44.196036098757
31 34 0.87386292397523
31 37 4.18149223613819
31 88 4.72741623008767
31 736 9.55823048461072
31 928 11.28557567365
31 955 10.2551091769938
31 958 6.57322514077001
31 1150 2.75067068592867
31 1372 4.60739003284969
31 1393 7.69442143111903
32 29 3.78666013201255
32 32 44.196036098757
32 35 0.87386292397523
32 38 4.18149223613819
32 89 4.72741623008767
32 737 9.55823048461072
32 929 11.28557567365
32 956 10.2551091769938
32 959 6.57322514077001
32 1151 2.75067068592867
32 1373 4.60739003284969
32 1394 7.69442143111903
33 12 18.6036171503181
33 21 5.23050774230127
33 30 0.87386292397523
33 33 68.369695771358
33 69 5.123214379289
33 90 4.85947109788983
33 732 15.5636356134795
33 735 10.3876992163634
33 825 3.12644261950586
33 828 5.8517567299408
33 894 5.98268481518225
33 1176 8.71844587521204
33 1371 6.86821721184844
33 1392 11.3649882817313
34 13 18.6036171503181
34 22 5.23050774230127
34 31 0.87386292397523
34 34 68.369695771358
34 70 5.123214379289
34 91 4.85947109788983
34 733 15.5636356134795
34 736 10.3876992163634
34 826 3.12644261950586
34 829 5.8517567299408
34 895 5.98268481518225
34 1177 8.71844587521204
34 1372 6.86821721184844
34 1393 11.3649882817313
35 14 18.6036171503181
35 23 5.23050774230127
35 32 0.87386292397523
35 35 68.369695771358
35 71 5.123214379289
35 92 4.85947109788983
35 734 15.5636356134795
35 737 10.3876992163634
35 827 3.12644261950586
35 830 5.8517567299408
35 896 5.98268481518225
35 1178 8.71844587521204
35 1373 6.86821721184844
35 1394 11.3649882817313
36 27 0.872857151522998
36 30 4.18149223613819
36 36 21.6201306534236
36 39 2.53881218275157
36 42 5.47130911493973
36 954 7.95697307115076
36 957 5.42351142430314
36 960 0.763885652865253
36 1149 3.24112004242574
36 1182 1.98023510403805
37 28 0.872857151522998
37 31 4.18149223613819
37 37 21.6201306534236
37 40 2.53881218275157
37 43 5.47130911493973
37 955 7.95697307115076
37 958 5.42351142430314
37 961 0.763885652865253
37 1150 3.24112004242574
37 1183 1.98023510403805
38 29 0.872857151522998
38 32 4.18149223613819
38 38 21.6201306534236
38 41 2.53881218275157
38 44 5.47130911493973
38 956 7.95697307115076
38 959 5.42351142430314
38 962 0.763885652865253
38 1151 3.24112004242574
38 1184 1.98023510403805
39 27 0.466499519646299
39 36 2.53881218275157
39 39 5.07762436550314
39 42 1.38154820711768
39 954 2.07231266310527
39 1149 1.15726397563389
40 28 0.466499519646299
40 37 2.53881218275157
40 40 5.07762436550314
40 43 1.38154820711768
40 955 2.07231266310527
40 1150 1.15726397563389
41 29 0.466499519646299
41 38 2.53881218275157
41 41 5.07762436550314
41 44 1.38154820711768
41 956 2.07231266310527
41 1151 1.15726397563389
42 36 5.47130911493973
42 39 1.38154820711768
42 42 27.3375237515422
42 45 4.05979165773333
42 48 0.863870331759807
42 735 0.555414548746452
42 927 5.98419655603285
42 954 6.13669488201453
42 957 6.6060048298608
42 960 2.97714185766375
42 1107 0.302116979447573
42 1182 6.66819666199675
43 37 5.47130911493973
43 40 1.38154820711768
43 43 27.3375237515422
43 46 4.05979165773333
43 49 0.863870331759807
43 736 0.555414548746452
43 928 5.98419655603285
43 955 6.13669488201453
43 958 6.6060048298608
43 961 2.97714185766375
43 1108 0.302116979447573
43 1183 6.66819666199675
44 38 5.47130911493973
44 41 1.38154820711768
44 44 27.3375237515422
44 47 4.05979165773333
44 50 0.863870331759807
44 737 0.555414548746452
44 929 5.98419655603285
44 956 6.13669488201453
44 959 6.6060048298608
44 962 2.97714185766375
44 1109 0.302116979447573
44 1184 6.66819666199675
45 42 4.05979165773333
45 45 37.5622787086302
45 48 2.70885117782403
45 51 13.5343040427302
45 78 6.74436657471544
45 81 6.72774691667056
45 186 3.13927409154656
45 927 5.77156241702368
45 957 2.690609204808
45 960 2.38834428405848
45 966 1.50114979389056
45 1182 7.07741790194449
46 43 4.05979165773333
46 46 37.5622787086302
46 49 2.70885117782403
46 52 13.5343040427302
46 79 6.74436657471544
46 82 6.72774691667056
46 187 3.13927409154656
46 928 5.77156241702368
46 958 2.690609204808
46 961 2.38834428405848
46 967 1.50114979389056
46 1183 7.07741790194449
47 44 4.05979165773333
47 47 37.5622787086302
47 50 2.70885117782403
47 53 13.5343040427302
47 80 6.74436657471544
47 83 6.72774691667056
47 188 3.13927409154656
47 929 5.77156241702368
47 959 2.690609204808
47 962 2.38834428405848
47 968 1.50114979389056
47 1184 7.07741790194449
48 42 0.863870331759807
48 45 2.70885117782403
48 48 16.7957218118594
48 51 4.52158500067995
48 84 1.48558876035351
48 717 2.45111886517269
48 960 2.98680365887323
48 966 2.4909738660788
48 978 3.74116448025221
48 1107 0.604233958895146
48 1182 1.84439638180336
48 1488 1.49499623609631
49 43 0.863870331759807
49 46 2.70885117782403
49 49 16.7957218118594
49 52 4.52158500067995
49 85 1.48558876035351
49 718 2.45111886517269
49 961 2.98680365887323
49 967 2.4909738660788
49 979 3.74116448025221
49 1108 0.604233958895146
49 1183 1.84439638180336
49 1489 1.49499623609631
50 44 0.863870331759807
50 47 2.70885117782403
50 50 16.7957218118594
50 53 4.52158500067995
50 86 1.48558876035351
50 719 2.45111886517269
50 962 2.98680365887323
50 968 2.4909738660788
50 980 3.74116448025221
50 1109 0.604233958895146
50 1184 1.84439638180336
50 1490 1.49499623609631
51 45 13.5343040427302
51 48 4.52158500067995
51 51 71.2697553182299
51 78 12.2247222615555
51 81 17.2867356640724
51 87 11.4066725829994
51 186 4.77573799473251
51 717 1.40150711074382
51 927 7.73056496820287
51 957 4.41595608718829
51 960 1.34361128895829
51 966 4.38377545135951
51 969 7.4393741308048
51 978 3.76558312907129
51 1182 2.8402063723246
51 1191 1.99208809241171
51 1410 7.84220879950956
52 46 13.5343040427302
52 49 4.52158500067995
52 52 71.2697553182299
52 79 12.2247222615555
52 82 17.2867356640724
52 88 11.4066725829994
52 187 4.77573799473251
52 718 1.40150711074382
52 928 7.73056496820287
52 958 4.41595608718829
52 961 1.34361128895829
52 967 4.38377545135951
52 970 7.4393741308048
52 979 3.76558312907129
52 1183 2.8402063723246
52 1192 1.99208809241171
52 1411 7.84220879950956
53 47 13.5343040427302
53 50 4.52158500067995
53 53 71.2697553182299
53 80 12.2247222615555
53 83 17.2867356640724
53 89 11.4066725829994
53 188 4.77573799473251
53 719 1.40150711074382
53 929 7.73056496820287
53 959 4.41595608718829
53 962 1.34361128895829
53 968 4.38377545135951
53 971 7.4393741308048
53 980 3.76558312907129
53 1184 2.8402063723246
53 1193 1.99208809241171
53 1412 7.84220879950956
54 54 67.9665846188541
54 57 6.50384056502747
54 60 5.05227160399404
54 63 8.24818948888011
54 72 12.983583487728
54 75 8.67786306220379
54 138 4.09064629431279
54 183 5.4653708200524
54 189 5.65233242806822
54 357 3.81585477511147
54 360 3.07896582786807
54 846 8.44611410543625
54 963 4.39856610600263
54 972 6.10572622911766
54 975 9.46916000790644
54 1185 9.96139212657192
55 55 67.9665846188541
55 58 6.50384056502747
55 61 5.05227160399404
55 64 8.24818948888011
55 73 12.983583487728
55 76 8.67786306220379
55 139 4.09064629431279
55 184 5.4653708200524
55 190 5.65233242806822
55 358 3.81585477511147
55 361 3.07896582786807
55 847 8.44611410543625
55 964 4.39856610600263
55 973 6.10572622911766
55 976 9.46916000790644
55 1186 9.96139212657192
56 56 67.9665846188541
56 59 6.50384056502747
56 62 5.05227160399404
56 65 8.24818948888011
56 74 12.983583487728
56 77 8.67786306220379
56 140 4.09064629431279
56 185 5.4653708200524
56 191 5.65233242806822
56 359 3.81585477511147
56 362 3.07896582786807
56 848 8.44611410543625
56 965 4.39856610600263
56 974 6.10572622911766
56 977 9.46916000790644
56 1187 9.96139212657192
57 9 6.44746785422523
57 15 1.0156994355228
57 54 6.50384056502747
57 57 39.4885498580829
57 60 4.08869413856876
57 69 9.43182400792532
57 75 9.3423031950137
57 732 2.55769286864698
57 828 5.16166354335265
57 894 3.4417242044621
57 972 4.66568668335843
57 1185 6.57622829102085
58 10 6.44746785422523
58 16 1.0156994355228
58 55 6.50384056502747
58 58 39.4885498580829
58 61 4.08869413856876
58 70 9.43182400792532
58 76 9.3423031950137
58 733 2.55769286864698
58 829 5.16166354335265
58 895 3.4417242044621
58 973 4.66568668335843
58 1186 6.57622829102085
59 11 6.44746785422523
59 17 1.0156994355228
59 56 6.50384056502747
59 59 39.4885498580829
59 62 4.08869413856876
59 71 9.43182400792532
59 77 9.3423031950137
59 734 2.55769286864698
59 830 5.16166354335265
59 896 3.4417242044621
59 974 4.66568668335843
59 1187 6.57622829102085
60 9 1.6324861735575
60 54 5.05227160399404
60 57 4.08869413856876
60 60 14.9933385788331
60 63 3.40797515084779
60 66 0.811911511865008
60 75 7.49666928941655
61 10 1.6324861735575
61 55 5.05227160399404
61 58 4.08869413856876
61 61 14.9933385788331
61 64 3.40797515084779
61 67 0.811911511865008
61 76 7.49666928941655
62 11 1.6324861735575
62 56 5.05227160399404
62 59 4.08869413856876
62 62 14.9933385788331
62 65 3.40797515084779
62 68 0.811911511865008
62 77 7.49666928941655
63 54 8.24818948888011
63 60 3.40797515084779
63 63 23.9441775823798
63 66 2.97247344317329
63 75 7.1648609550622
63 357 1.9791923618539
63 963 5.08225006342694
63 975 3.5884003487641
63 1185 3.47292456156136
64 55 8.24818948888011
64 61 3.40797515084779
64 64 23.9441775823798
64 67 2.97247344317329
64 76 7.1648609550622
64 358 1.9791923618539
64 964 5.08225006342694
64 976 3.5884003487641
64 1186 3.47292456156136
65 56 8.24818948888011
65 62 3.40797515084779
65 65 23.9441775823798
65 68 2.97247344317329
65 77 7.1648609550622
65 359 1.9791923618539
65 965 5.08225006342694
65 977 3.5884003487641
65 1187 3.47292456156136
66 60 0.811911511865008
66 63 2.97247344317329
66 66 20.620015837909
66 75 2.31470024188165
66 195 2.96785952022311
66 681 4.04077946376902
66 774 5.64406927614154
66 963 3.85402713094795
66 975 0.986668693080719
66 1188 7.33753447578121
67 61 0.811911511865008
67 64 2.97247344317329
67 67 20.620015837909
67 76 2.31470024188165
67 196 2.96785952022311
67 682 4.04077946376902
67 775 5.64406927614154
67 964 3.85402713094795
67 976 0.986668693080719
67 1189 7.33753447578121
68 62 0.811911511865008
68 65 2.97247344317329
68 68 20.620015837909
68 77 2.31470024188165
68 197 2.96785952022311
68 683 4.04077946376902
68 776 5.64406927614154
68 965 3.85402713094795
68 977 0.986668693080719
68 1190 7.33753447578121
69 9 2.6388574981366
69 33 5.123214379289
69 57 9.43182400792532
69 69 40.5627934535812
69 72 3.26536882933563
69 75 3.13068881329646
69 90 5.55728522859039
69 732 10.1418967581766
69 828 4.35110654322136
69 894 6.08667475554705
69 972 7.10176548366711
69 1185 4.01550788318622
70 10 2.6388574981366
70 34 5.123214379289
70 58 9.43182400792532
70 70 40.5627934535812
70 73 3.26536882933563
70 76 3.13068881329646
70 91 5.55728522859039
70 733 10.1418967581766
70 829 4.35110654322136
70 895 6.08667475554705
70 973 7.10176548366711
70 1186 4.01550788318622
71 11 2.6388574981366
71 35 5.123214379289
71 59 9.43182400792532
71 71 40.5627934535812
71 74 3.26536882933563
71 77 3.13068881329646
71 92 5.55728522859039
71 734 10.1418967581766
71 830 4.35110654322136
71 896 6.08667475554705
71 974 7.10176548366711
71 1187 4.01550788318622
72 54 12.983583487728
72 69 3.26536882933563
72 72 52.728459590598
72 90 6.53171692392727
72 138 6.86106701449769
72 183 8.05277228368643
72 189 9.07971383609388
72 681 0.931781666652259
72 846 6.29404650316081
72 867 2.44526051090627
72 963 4.47132779806789
72 972 10.3823566714495
72 975 3.11452084407902
72 1185 4.67917301631242
73 55 12.983583487728
73 70 3.26536882933563
73 73 52.728459590598
73 91 6.53171692392727
73 139 6.86106701449769
73 184 8.05277228368643
73 190 9.07971383609388
73 682 0.931781666652259
73 847 6.29404650316081
73 868 2.44526051090627
73 964 4.47132779806789
73 973 10.3823566714495
73 976 3.11452084407902
73 1186 4.67917301631242
74 56 12.983583487728
74 71 3.26536882933563
74 74 52.728459590598
74 92 6.53171692392727
74 140 6.86106701449769
74 185 8.05277228368643
74 191 9.07971383609388
74 683 0.931781666652259
74 848 6.29404650316081
74 869 2.44526051090627
74 965 4.47132779806789
74 974 10.3823566714495
74 977 3.11452084407902
74 1187 4.67917301631242
75 9 3.69672216437745
75 54 8.67786306220379
75 57 9.3423031950137
75 60 7.49666928941655
75 63 7.1648609550622
75 66 2.31470024188165
75 69 3.13068881329646
75 75 33.0143283001518
75 963 2.25421458915314
75 1185 5.44347013982276
76 10 3.69672216437745
76 55 8.67786306220379
76 58 9.3423031950137
76 61 7.49666928941655
76 64 7.1648609550622
76 67 2.31470024188165
76 70 3.13068881329646
76 76 33.0143283001518
76 964 2.25421458915314
76 1186 5.44347013982276
77 11 3.69672216437745
77 56 8.67786306220379
77 59 9.3423031950137
77 62 7.49666928941655
77 65 7.1648609550622
77 68 2.31470024188165
77 71 3.13068881329646
77 77 33.0143283001518
77 965 2.25421458915314
77 1187 5.44347013982276
78 45 6.74436657471544
78 51 12.2247222615555
78 78 61.8976240943215
78 81 10.3848623092814
78 87 13.4568851556596
78 90 6.41968340506584
78 93 3.95437590806606
78 732 7.59616377875063
78 735 6.12631166460142
78 762 4.18682422922286
78 927 9.05422404974014
78 1392 12.6980168048234
79 46 6.74436657471544
79 52 12.2247222615555
79 79 61.8976240943215
79 82 10.3848623092814
79 88 13.4568851556596
79 91 6.41968340506584
79 94 3.95437590806606
79 733 7.59616377875063
79 736 6.12631166460142
79 763 4.18682422922286
79 928 9.05422404974014
79 1393 12.6980168048234
80 47 6.74436657471544
80 53 12.2247222615555
80 80 61.8976240943215
80 83 10.3848623092814
80 89 13.4568851556596
80 92 6.41968340506584
80 95 3.95437590806606
80 734 7.59616377875063
80 737 6.12631166460142
80 764 4.18682422922286
80 929 9.05422404974014
80 1394 12.6980168048234
81 45 6.72774691667056
81 51 17.2867356640724
81 78 10.3848623092814
81 81 65.2728574909386
81 87 11.1027808994991
81 93 12.4386292204517
81 186 4.35796278167376
81 762 2.02393731886304
81 792 1.94277876406124
81 969 10.7981505359587
81 1011 1.19371914188542
81 1212 4.08990927321933
81 1410 10.8790487080995
81 1497 4.68302470267165
82 46 6.72774691667056
82 52 17.2867356640724
82 79 10.3848623092814
82 82 65.2728574909386
82 88 11.1027808994991
82 94 12.4386292204517
82 187 4.35796278167376
82 763 2.02393731886304
82 793 1.94277876406124
82 970 10.7981505359587
82 1012 1.19371914188542
82 1213 4.08990927321933
82 1411 10.8790487080995
82 1498 4.68302470267165
83 47 6.72774691667056
83 53 17.2867356640724
83 80 10.3848623092814
83 83 65.2728574909386
83 89 11.1027808994991
83 95 12.4386292204517
83 188 4.35796278167376
83 764 2.02393731886304
83 794 1.94277876406124
83 971 10.7981505359587
83 1013 1.19371914188542
83 1214 4.08990927321933
83 1412 10.8790487080995
83 1499 4.68302470267165
84 48 1.48558876035351
84 84 9.75410980641508
84 186 0.3912727944357
84 966 2.35417670358209
84 978 4.48578210877184
84 1302 1.77537673851043
84 1410 2.59787595421234
84 1488 1.54109164975672
85 49 1.48558876035351
85 85 9.75410980641508
85 187 0.3912727944357
85 967 2.35417670358209
85 979 4.48578210877184
85 1303 1.77537673851043
85 1411 2.59787595421234
85 1489 1.54109164975672
86 50 1.48558876035351
86 86 9.75410980641508
86 188 0.3912727944357
86 968 2.35417670358209
86 980 4.48578210877184
86 1304 1.77537673851043
86 1412 2.59787595421234
86 1490 1.54109164975672
87 30 4.72741623008767
87 51 11.4066725829994
87 78 13.4568851556596
87 81 11.1027808994991
87 87 64.5634810479352
87 90 5.64934895964671
87 93 11.0169829237168
87 699 2.7543701180598
87 762 4.66988674914388
87 927 11.7686286166652
87 957 4.82057289351808
87 969 8.91985468034118
87 1392 6.55182176256543
88 31 4.72741623008767
88 52 11.4066725829994
88 79 13.4568851556596
88 82 11.1027808994991
88 88 64.5634810479352
88 91 5.64934895964671
88 94 11.0169829237168
88 700 2.7543701180598
88 763 4.66988674914388
88 928 11.7686286166652
88 958 4.82057289351808
88 970 8.91985468034118
88 1393 6.55182176256543
89 32 4.72741623008767
89 53 11.4066725829994
89 80 13.4568851556596
89 83 11.1027808994991
89 89 64.5634810479352
89 92 5.64934895964671
89 95 11.0169829237168
89 701 2.7543701180598
89 764 4.66988674914388
89 929 11.7686286166652
89 959 4.82057289351808
89 971 8.91985468034118
89 1394 6.55182176256543
90 33 4.85947109788983
90 69 5.55728522859039
90 72 6.53171692392727
90 78 6.41968340506584
90 87 5.64934895964671
90 90 62.3632233610049
90 93 5.82442876474233
90 138 7.03849693474241
90 183 11.2041494478096
90 732 13.7793351790954
90 762 12.5454995228876
90 972 7.6113684104656
90 1392 6.52405116664434
91 34 4.85947109788983
91 70 5.55728522859039
91 73 6.53171692392727
91 79 6.41968340506584
91 88 5.64934895964671
91 91 62.3632233610049
91 94 5.82442876474233
91 139 7.03849693474241
91 184 11.2041494478096
91 733 13.7793351790954
91 763 12.5454995228876
91 973 7.6113684104656
91 1393 6.52405116664434
92 35 4.85947109788983
92 71 5.55728522859039
92 74 6.53171692392727
92 80 6.41968340506584
92 89 5.64934895964671
92 92 62.3632233610049
92 95 5.82442876474233
92 140 7.03849693474241
92 185 11.2041494478096
92 734 13.7793351790954
92 764 12.5454995228876
92 974 7.6113684104656
92 1394 6.52405116664434
93 78 3.95437590806606
93 81 12.4386292204517
93 87 11.0169829237168
93 90 5.82442876474233
93 93 101.361672924021
93 126 10.989366755289
93 138 13.3409737883346
93 219 7.89547636694117
93 699 14.2537958930165
93 762 10.3576575702232
93 789 8.26927374990845
93 792 6.3724532842437
93 969 12.5812437807445
93 1212 5.36366238828996
93 1410 7.43585426784928
93 1497 21.9483347242137
94 79 3.95437590806606
94 82 12.4386292204517
94 88 11.0169829237168
94 91 5.82442876474233
94 94 101.361672924021
94 127 10.989366755289
94 139 13.3409737883346
94 220 7.89547636694117
94 700 14.2537958930165
94 763 10.3576575702232
94 790 8.26927374990845
94 793 6.3724532842437
94 970 12.5812437807445
94 1213 5.36366238828996
94 1411 7.43585426784928
94 1498 21.9483347242137
95 80 3.95437590806606
95 83 12.4386292204517
95 89 11.0169829237168
95 92 5.82442876474233
95 95 101.361672924021
95 128 10.989366755289
95 140 13.3409737883346
95 221 7.89547636694117
95 701 14.2537958930165
95 764 10.3576575702232
95 791 8.26927374990845
95 794 6.3724532842437
95 971 12.5812437807445
95 1214 5.36366238828996
95 1412 7.43585426784928
95 1499 21.9483347242137
96 96 21.6704321298256
96 102 2.28019658682183
96 108 5.38644461556355
96 111 0.918720964845221
96 426 3.0689449602625
96 705 4.35931687806981
96 771 3.66692415852813
96 888 3.18062598127696
96 918 7.62510307858842
96 921 2.01937097078202
97 97 21.6704321298256
97 103 2.28019658682183
97 109 5.38644461556355
97 112 0.918720964845221
97 427 3.0689449602625
97 706 4.35931687806981
97 772 3.66692415852813
97 889 3.18062598127696
97 919 7.62510307858842
97 922 2.01937097078202
98 98 21.6704321298256
98 104 2.28019658682183
98 110 5.38644461556355
98 113 0.918720964845221
98 428 3.0689449602625
98 707 4.35931687806981
98 773 3.66692415852813
98 890 3.18062598127696
98 920 7.62510307858842
98 923 2.01937097078202
99 99 161.583938459388
99 105 4.11446156877173
99 171 29.0535788187684
99 240 29.5523743183648
99 267 25.8613226670868
99 396 12.4255388654484
99 696 14.7807607538997
99 765 11.0591145971014
99 771 3.6207632195889
99 888 6.51997002947309
99 906 7.4343832397426
99 909 3.19292273209514
99 918 8.1033646325137
99 924 6.34302478767017
99 1110 10.0922437817569
99 1152 27.4835602212144
99 1413 15.8948826224932
99 1521 26.8436408330932
100 100 161.583938459388
100 106 4.11446156877173
100 172 29.0535788187684
100 241 29.5523743183648
100 268 25.8613226670868
100 397 12.4255388654484
100 697 14.7807607538997
100 766 11.0591145971014
100 772 3.6207632195889
100 889 6.51997002947309
100 907 7.4343832397426
100 910 3.19292273209514
100 919 8.1033646325137
100 925 6.34302478767017
100 1111 10.0922437817569
100 1153 27.4835602212144
100 1414 15.8948826224932
100 1522 26.8436408330932
101 101 161.583938459388
101 107 4.11446156877173
101 173 29.0535788187684
101 242 29.5523743183648
101 269 25.8613226670868
101 398 12.4255388654484
101 698 14.7807607538997
101 767 11.0591145971014
101 773 3.6207632195889
101 890 6.51997002947309
101 908 7.4343832397426
101 911 3.19292273209514
101 920 8.1033646325137
101 926 6.34302478767017
101 1112 10.0922437817569
101 1154 27.4835602212144
101 1415 15.8948826224932
101 1523 26.8436408330932
102 96 2.28019658682183
102 102 21.2398885792234
102 105 4.20933433239112
102 108 6.41060995722056
102 645 3.51092094493905
102 696 8.33974770278985
102 888 7.10902334467263
103 97 2.28019658682183
103 103 21.2398885792234
103 106 4.20933433239112
103 109 6.41060995722056
103 646 3.51092094493905
103 697 8.33974770278985
103 889 7.10902334467263
104 98 2.28019658682183
104 104 21.2398885792234
104 107 4.20933433239112
104 110 6.41060995722056
104 647 3.51092094493905
104 698 8.33974770278985
104 890 7.10902334467263
105 99 4.11446156877173
105 102 4.20933433239112
105 105 41.7289591798863
105 117 11.3392617986024
105 645 5.18800880439585
105 696 15.9944564942648
105 888 4.18603664737424
105 1110 8.25583576277694
105 1152 9.30604336125247
106 100 4.11446156877173
106 103 4.20933433239112
106 106 41.7289591798863
106 118 11.3392617986024
106 646 5.18800880439585
106 697 15.9944564942648
106 889 4.18603664737424
106 1111 8.25583576277694
106 1153 9.30604336125247
107 101 4.11446156877173
107 104 4.20933433239112
107 107 41.7289591798863
107 119 11.3392617986024
107 647 5.18800880439585
107 698 15.9944564942648
107 890 4.18603664737424
107 1112 8.25583576277694
107 1154 9.30604336125247
108 96 5.38644461556355
108 102 6.41060995722056
108 108 27.1119600854557
108 645 1.55755246807104
108 696 6.37890299358109
108 705 0.929916399502566
108 771 6.24494069105216
108 888 9.79260894037022
108 918 3.96696406282235
109 97 5.38644461556355
109 103 6.41060995722056
109 109 27.1119600854557
109 646 1.55755246807104
109 697 6.37890299358109
109 706 0.929916399502566
109 772 6.24494069105216
109 889 9.79260894037022
109 919 3.96696406282235
110 98 5.38644461556355
110 104 6.41060995722056
110 110 27.1119600854557
110 647 1.55755246807104
110 698 6.37890299358109
110 707 0.929916399502566
110 773 6.24494069105216
110 890 9.79260894037022
110 920 3.96696406282235
111 96 0.918720964845221
111 111 19.8834094292104
111 114 5.15390187184738
111 162 0.886080898996806
111 168 5.03632840227282
111 396 6.93082760074728
111 909 3.49476638434016
111 918 1.41060992799225
111 921 2.12479621486114
111 924 3.86908187791262
112 97 0.918720964845221
112 112 19.8834094292104
112 115 5.15390187184738
112 163 0.886080898996806
112 169 5.03632840227282
112 397 6.93082760074728
112 910 3.49476638434016
112 919 1.41060992799225
112 922 2.12479621486114
112 925 3.86908187791262
113 98 0.918720964845221
113 113 19.8834094292104
113 116 5.15390187184738
113 164 0.886080898996806
113 170 5.03632840227282
113 398 6.93082760074728
113 911 3.49476638434016
113 920 1.41060992799225
113 923 2.12479621486114
113 926 3.86908187791262
114 111 5.15390187184738
114 114 90.66770036604
114 159 3.92532987974594
114 162 4.62657299881944
114 165 29.6877057544809
114 168 14.3496523756782
114 396 25.3920244221216
114 624 5.25875756921804
114 834 0.300441220505625
114 906 7.87934250760888
114 909 4.29226980377108
114 1209 12.6693952419438
114 1413 22.4661569033192
115 112 5.15390187184738
115 115 90.66770036604
115 160 3.92532987974594
115 163 4.62657299881944
115 166 29.6877057544809
115 169 14.3496523756782
115 397 25.3920244221216
115 625 5.25875756921804
115 835 0.300441220505625
115 907 7.87934250760888
115 910 4.29226980377108
115 1210 12.6693952419438
115 1414 22.4661569033192
116 113 5.15390187184738
116 116 90.66770036604
116 161 3.92532987974594
116 164 4.62657299881944
116 167 29.6877057544809
116 170 14.3496523756782
116 398 25.3920244221216
116 626 5.25875756921804
116 836 0.300441220505625
116 908 7.87934250760888
116 911 4.29226980377108
116 1211 12.6693952419438
116 1415 22.4661569033192
117 105 11.3392617986024
117 117 48.4318219524351
117 171 12.8766491776152
117 180 8.0066201759386
117 645 3.23464032752784
117 696 6.46923870292397
117 1110 9.74005209735497
117 1152 20.9812706486897
118 106 11.3392617986024
118 118 48.4318219524351
118 172 12.8766491776152
118 181 8.0066201759386
118 646 3.23464032752784
118 697 6.46923870292397
118 1111 9.74005209735497
118 1153 20.9812706486897
119 107 11.3392617986024
119 119 48.4318219524351
119 173 12.8766491776152
119 182 8.0066201759386
119 647 3.23464032752784
119 698 6.46923870292397
119 1112 9.74005209735497
119 1154 20.9812706486897
120 120 10.0798545111003
120 129 4.13866219513478
120 135 2.48352150001428
120 981 1.86262413305562
120 987 1.65515608009868
120 1170 0.93132297297072
120 1197 0.413384002121475
120 1200 0.90126506041536
120 1302 0.59082406942512
120 1338 2.14302175341438
121 121 10.0798545111003
121 130 4.13866219513478
121 136 2.48352150001428
121 982 1.86262413305562
121 988 1.65515608009868
121 1171 0.93132297297072
121 1198 0.413384002121475
121 1201 0.90126506041536
121 1303 0.59082406942512
121 1339 2.14302175341438
122 122 10.0798545111003
122 131 4.13866219513478
122 137 2.48352150001428
122 983 1.86262413305562
122 989 1.65515608009868
122 1172 0.93132297297072
122 1199 0.413384002121475
122 1202 0.90126506041536
122 1304 0.59082406942512
122 1340 2.14302175341438
123 123 28.3102609458731
123 126 5.15880264149433
123 141 2.56487255760908
123 699 2.72773934321545
123 969 2.80123884879527
123 978 2.98437313161571
123 990 2.12242035523935
123 1002 7.05133114225921
123 1167 3.89372336182001
123 1170 5.38387990780155
123 1191 1.28624164812776
123 1206 0.243342361058627
123 1338 4.52956388233044
123 1422 1.71786223744291
124 124 28.3102609458731
124 127 5.15880264149433
124 142 2.56487255760908
124 700 2.72773934321545
124 970 2.80123884879527
124 979 2.98437313161571
124 991 2.12242035523935
124 1003 7.05133114225921
124 1168 3.89372336182001
124 1171 5.38387990780155
124 1192 1.28624164812776
124 1207 0.243342361058627
124 1339 4.52956388233044
124 1423 1.71786223744291
125 125 28.3102609458731
125 128 5.15880264149433
125 143 2.56487255760908
125 701 2.72773934321545
125 971 2.80123884879527
125 980 2.98437313161571
125 992 2.12242035523935
125 1004 7.05133114225921
125 1169 3.89372336182001
125 1172 5.38387990780155
125 1193 1.28624164812776
125 1208 0.243342361058627
125 1340 4.52956388233044
125 1424 1.71786223744291
126 93 10.989366755289
126 123 5.15880264149433
126 126 59.6105604678315
126 132 5.68751753684287
126 141 2.81730025126188
126 699 14.751164786432
126 969 8.86599059120672
126 978 2.61813752621641
126 981 2.2840237105139
126 1191 2.62167720756416
126 1338 3.3072415392738
126 1410 7.47415040484641
126 1497 13.2198281547168
126 1524 9.62063959608893
127 94 10.989366755289
127 124 5.15880264149433
127 127 59.6105604678315
127 133 5.68751753684287
127 142 2.81730025126188
127 700 14.751164786432
127 970 8.86599059120672
127 979 2.61813752621641
127 982 2.2840237105139
127 1192 2.62167720756416
127 1339 3.3072415392738
127 1411 7.47415040484641
127 1498 13.2198281547168
127 1525 9.62063959608893
128 95 10.989366755289
128 125 5.15880264149433
128 128 59.6105604678315
128 134 5.68751753684287
128 143 2.81730025126188
128 701 14.751164786432
128 971 8.86599059120672
128 980 2.61813752621641
128 983 2.2840237105139
128 1193 2.62167720756416
128 1340 3.3072415392738
128 1412 7.47415040484641
128 1499 13.2198281547168
128 1526 9.62063959608893
129 120 4.13866219513478
129 129 102.858775677881
129 135 23.1324743872261
129 141 4.75301373745261
129 228 8.12462651902107
129 231 28.2992488401559
129 237 9.79890585379369
129 384 12.537972266981
129 903 6.16616426519613
129 981 5.74946042448703
129 987 2.716569735372
129 1002 5.29821550909938
129 1170 2.02669452038271
129 1197 0.774739247355004
129 1299 2.87953667516921
129 1338 6.16325557087189
129 1422 13.2342921144664
129 1524 18.4943316546565
130 121 4.13866219513478
130 130 102.858775677881
130 136 23.1324743872261
130 142 4.75301373745261
130 229 8.12462651902107
130 232 28.2992488401559
130 238 9.79890585379369
130 385 12.537972266981
130 904 6.16616426519613
130 982 5.74946042448703
130 988 2.716569735372
130 1003 5.29821550909938
130 1171 2.02669452038271
130 1198 0.774739247355004
130 1300 2.87953667516921
130 1339 6.16325557087189
130 1423 13.2342921144664
130 1525 18.4943316546565
131 122 4.13866219513478
131 131 102.858775677881
131 137 23.1324743872261
131 143 4.75301373745261
131 230 8.12462651902107
131 233 28.2992488401559
131 239 9.79890585379369
131 386 12.537972266981
131 905 6.16616426519613
131 983 5.74946042448703
131 989 2.716569735372
131 1004 5.29821550909938
131 1172 2.02669452038271
131 1199 0.774739247355004
131 1301 2.87953667516921
131 1340 6.16325557087189
131 1424 13.2342921144664
131 1526 18.4943316546565
132 126 5.68751753684287
132 132 105.969355535492
132 135 9.56659165315342
132 150 10.9138239293014
132 345 3.33164328881775
132 369 10.1747047452561
132 378 9.07284533459053
132 495 13.5362543968894
132 981 4.34829929940547
132 1011 3.2225471963127
132 1212 2.82462964671458
132 1215 3.68024497366493
132 1410 4.5500294698475
132 1443 12.713262277192
132 1464 10.3073777622265
132 1491 12.7350122983489
132 1497 16.9239140818704
132 1524 7.66301673034588
132 1533 17.7023186824573
133 127 5.68751753684287
133 133 105.969355535492
133 136 9.56659165315342
133 151 10.9138239293014
133 346 3.33164328881775
133 370 10.1747047452561
133 379 9.07284533459053
133 496 13.5362543968894
133 982 4.34829929940547
133 1012 3.2225471963127
133 1213 2.82462964671458
133 1216 3.68024497366493
133 1411 4.5500294698475
133 1444 12.713262277192
133 1465 10.3073777622265
133 1492 12.7350122983489
133 1498 16.9239140818704
133 1525 7.66301673034588
133 1534 17.7023186824573
134 128 5.68751753684287
134 134 105.969355535492
134 137 9.56659165315342
134 152 10.9138239293014
134 347 3.33164328881775
134 371 10.1747047452561
134 380 9.07284533459053
134 497 13.5362543968894
134 983 4.34829929940547
134 1013 3.2225471963127
134 1214 2.82462964671458
134 1217 3.68024497366493
134 1412 4.5500294698475
134 1445 12.713262277192
134 1466 10.3073777622265
134 1493 12.7350122983489
134 1499 16.9239140818704
134 1526 7.66301673034588
134 1535 17.7023186824573
135 120 2.48352150001428
135 129 23.1324743872261
135 132 9.56659165315342
135 135 176.65736593442
135 150 9.20617987506497
135 204 2.4699186795339
135 225 7.79407053928965
135 231 24.9203583966121
135 378 18.2059234046404
135 381 11.8546328038007
135 384 29.3799045006696
135 387 25.9497156509559
135 498 2.7257178400137
135 903 8.96151418075625
135 981 6.57198800733777
135 987 5.70043271784955
135 1263 13.5497485260693
135 1299 3.17508536204622
135 1332 2.6233751025657
135 1524 15.156295344515
135 1530 10.7714312505995
135 1533 30.7871691789163
136 121 2.48352150001428
136 130 23.1324743872261
136 133 9.56659165315342
136 136 176.65736593442
136 151 9.20617987506497
136 205 2.4699186795339
136 226 7.79407053928965
136 232 24.9203583966121
136 379 18.2059234046404
136 382 11.8546328038007
136 385 29.3799045006696
136 388 25.9497156509559
136 499 2.7257178400137
136 904 8.96151418075625
136 982 6.57198800733777
136 988 5.70043271784955
136 1264 13.5497485260693
136 1300 3.17508536204622
136 1333 2.6233751025657
136 1525 15.156295344515
136 1531 10.7714312505995
136 1534 30.7871691789163
137 122 2.48352150001428
137 131 23.1324743872261
137 134 9.56659165315342
137 137 176.65736593442
137 152 9.20617987506497
137 206 2.4699186795339
137 227 7.79407053928965
137 233 24.9203583966121
137 380 18.2059234046404
137 383 11.8546328038007
137 386 29.3799045006696
137 389 25.9497156509559
137 500 2.7257178400137
137 905 8.96151418075625
137 983 6.57198800733777
137 989 5.70043271784955
137 1265 13.5497485260693
137 1301 3.17508536204622
137 1334 2.6233751025657
137 1526 15.156295344515
137 1532 10.7714312505995
137 1535 30.7871691789163
138 54 4.09064629431279
138 72 6.86106701449769
138 90 7.03849693474241
138 93 13.3409737883346
138 138 162.679869489688
138 183 15.1081413068169
138 189 7.73053127540237
138 192 22.6400350370901
138 219 17.3932261349239
138 222 25.3175856501959
138 372 10.1910937999367
138 762 8.25741273429328
138 789 19.525903718704
138 792 6.4436603004109
138 846 13.1631088584127
138 867 4.35085250255681
138 1257 7.99724821288271
138 1467 30.842486381391
138 1497 23.7273342896266
139 55 4.09064629431279
139 73 6.86106701449769
139 91 7.03849693474241
139 94 13.3409737883346
139 139 162.679869489688
139 184 15.1081413068169
139 190 7.73053127540237
139 193 22.6400350370901
139 220 17.3932261349239
139 223 25.3175856501959
139 373 10.1910937999367
139 763 8.25741273429328
139 790 19.525903718704
139 793 6.4436603004109
139 847 13.1631088584127
139 868 4.35085250255681
139 1258 7.99724821288271
139 1468 30.842486381391
139 1498 23.7273342896266
140 56 4.09064629431279
140 74 6.86106701449769
140 92 7.03849693474241
140 95 13.3409737883346
140 140 162.679869489688
140 185 15.1081413068169
140 191 7.73053127540237
