1032
1032
0 0 103.447841876084
0 507 4.52993022910117
0 528 4.97880946759517
0 621 5.3941250908252
0 642 9.09832406631769
0 783 7.76969982957349
0 813 10.3352827476287
0 819 12.8689741302093
0 903 29.8770875745557
0 924 31.8537478525378
0 975 22.5997795620697
0 999 15.8660022637123
1 1 103.447841876084
1 508 4.52993022910117
1 529 4.97880946759517
1 622 5.3941250908252
1 643 9.09832406631769
1 784 7.76969982957349
1 814 10.3352827476287
1 820 12.8689741302093
1 904 29.8770875745557
1 925 31.8537478525378
1 976 22.5997795620697
1 1000 15.8660022637123
2 2 103.447841876084
2 509 4.52993022910117
2 530 4.97880946759517
2 623 5.3941250908252
2 644 9.09832406631769
2 785 7.76969982957349
2 815 10.3352827476287
2 821 12.8689741302093
2 905 29.8770875745557
2 926 31.8537478525378
2 977 22.5997795620697
2 1001 15.8660022637123
3 3 40.8185098735012
3 147 4.19606311125267
3 186 8.27483551477531
3 444 3.69019407090346
3 558 4.08920983523332
3 570 7.92367774103775
3 807 4.82874694922964
3 957 13.6144303734536
3 978 14.6106072143661
4 4 40.8185098735012
4 148 4.19606311125267
4 187 8.27483551477531
4 445 3.69019407090346
4 559 4.08920983523332
4 571 7.92367774103775
4 808 4.82874694922964
4 958 13.6144303734536
4 979 14.6106072143661
5 5 40.8185098735012
5 149 4.19606311125267
5 188 8.27483551477531
5 446 3.69019407090346
5 560 4.08920983523332
5 572 7.92367774103775
5 809 4.82874694922964
5 959 13.6144303734536
5 980 14.6106072143661
6 6 47.393625858365
6 90 11.3158910316882
6 204 5.65896664668437
6 369 9.2618521943046
6 447 5.73754159997665
6 696 2.56357128505388
6 786 0.855840492629267
6 867 5.52763376862255
6 885 10.9438009144486
6 930 19.2253408541395
7 7 47.393625858365
7 91 11.3158910316882
7 205 5.65896664668437
7 370 9.2618521943046
7 448 5.73754159997665
7 697 2.56357128505388
7 787 0.855840492629267
7 868 5.52763376862255
7 886 10.9438009144486
7 931 19.2253408541395
8 8 47.393625858365
8 92 11.3158910316882
8 206 5.65896664668437
8 371 9.2618521943046
8 449 5.73754159997665
8 698 2.56357128505388
8 788 0.855840492629267
8 869 5.52763376862255
8 887 10.9438009144486
8 932 19.2253408541395
9 9 39.4901732463572
9 21 5.97902623090733
9 123 5.30839628742458
9 141 3.8048977140129
9 480 3.15648424910997
9 576 7.75116559793523
9 684 2.98729364078744
9 711 5.75323780308701
9 990 11.5418630778931
9 1005 12.9528952683783
10 10 39.4901732463572
10 22 5.97902623090733
10 124 5.30839628742458
10 142 3.8048977140129
10 481 3.15648424910997
10 577 7.75116559793523
10 685 2.98729364078744
10 712 5.75323780308701
10 991 11.5418630778931
10 1006 12.9528952683783
11 11 39.4901732463572
11 23 5.97902623090733
11 125 5.30839628742458
11 143 3.8048977140129
11 482 3.15648424910997
11 578 7.75116559793523
11 686 2.98729364078744
11 713 5.75323780308701
11 992 11.5418630778931
11 1007 12.9528952683783
12 12 43.382625779956
12 39 4.96979116056792
12 42 10.2205633530974
12 327 4.34051918506701
12 789 5.82049298007513
12 792 4.57289954226097
12 837 4.44441562328007
12 960 15.5704833406253
12 1014 9.89154616815809
12 1017 5.24322731680211
13 13 43.382625779956
13 40 4.96979116056792
13 43 10.2205633530974
13 328 4.34051918506701
13 790 5.82049298007513
13 793 4.57289954226097
13 838 4.44441562328007
13 961 15.5704833406253
13 1015 9.89154616815809
13 1018 5.24322731680211
14 14 43.382625779956
14 41 4.96979116056792
14 44 10.2205633530974
14 329 4.34051918506701
14 791 5.82049298007513
14 794 4.57289954226097
14 839 4.44441562328007
14 962 15.5704833406253
14 1016 9.89154616815809
14 1019 5.24322731680211
15 15 50.1887231514388
15 18 3.54198967074079
15 222 5.86626713979943
15 273 7.50971115613544
15 525 2.59040802695576
15 612 8.37552127959799
15 708 3.95975493809365
15 918 12.5160043692069
15 948 17.7465775212476
15 1023 13.1768506253806
16 16 50.1887231514388
16 19 3.54198967074079
16 223 5.86626713979943
16 274 7.50971115613544
16 526 2.59040802695576
16 613 8.37552127959799
16 709 3.95975493809365
16 919 12.5160043692069
16 949 17.7465775212476
16 1024 13.1768506253806
17 17 50.1887231514388
17 20 3.54198967074079
17 224 5.86626713979943
17 275 7.50971115613544
17 527 2.59040802695576
17 614 8.37552127959799
17 710 3.95975493809365
17 920 12.5160043692069
17 950 17.7465775212476
17 1025 13.1768506253806
18 15 3.54198967074079
18 18 17.612243925468
18 273 3.43045834977226
18 489 3.54118174583023
18 687 3.4523264831328
18 708 3.64628767599195
18 948 8.80612196273401
19 16 3.54198967074079
19 19 17.612243925468
19 274 3.43045834977226
19 490 3.54118174583023
19 688 3.4523264831328
19 709 3.64628767599195
19 949 8.80612196273401
20 17 3.54198967074079
20 20 17.612243925468
20 275 3.43045834977226
20 491 3.54118174583023
20 689 3.4523264831328
20 710 3.64628767599195
20 950 8.80612196273401
21 9 5.97902623090733
21 21 36.5397127053192
21 123 4.66898559412473
21 195 4.13027608147551
21 423 6.75669143960729
21 663 4.87609555392081
21 681 3.31513883021877
21 684 2.91922669348974
21 990 10.9437750565403
21 1005 11.2203535776944
22 10 5.97902623090733
22 22 36.5397127053192
22 124 4.66898559412473
22 196 4.13027608147551
22 424 6.75669143960729
22 664 4.87609555392081
22 682 3.31513883021877
22 685 2.91922669348974
22 991 10.9437750565403
22 1006 11.2203535776944
23 11 5.97902623090733
23 23 36.5397127053192
23 125 4.66898559412473
23 197 4.13027608147551
23 425 6.75669143960729
23 665 4.87609555392081
23 683 3.31513883021877
23 686 2.91922669348974
23 992 10.9437750565403
23 1007 11.2203535776944
24 24 46.4896282742279
24 27 5.45291709144355
24 87 4.00436605683791
24 324 9.58614353367083
24 522 5.65719078926622
24 753 4.62612414776792
24 870 8.72399979161103
24 933 16.7838473747759
24 993 14.8998536259684
25 25 46.4896282742279
25 28 5.45291709144355
25 88 4.00436605683791
25 325 9.58614353367083
25 523 5.65719078926622
25 754 4.62612414776792
25 871 8.72399979161103
25 934 16.7838473747759
25 994 14.8998536259684
26 26 46.4896282742279
26 29 5.45291709144355
26 89 4.00436605683791
26 326 9.58614353367083
26 524 5.65719078926622
26 755 4.62612414776792
26 872 8.72399979161103
26 935 16.7838473747759
26 995 14.8998536259684
27 24 5.45291709144355
27 27 31.7336705556993
27 150 5.50518587662551
27 324 5.37363214777241
27 522 5.38132890233506
27 564 4.90873230978058
27 579 5.11187422774216
27 933 15.8668352778496
28 25 5.45291709144355
28 28 31.7336705556993
28 151 5.50518587662551
28 325 5.37363214777241
28 523 5.38132890233506
28 565 4.90873230978058
28 580 5.11187422774216
28 934 15.8668352778496
29 26 5.45291709144355
29 29 31.7336705556993
29 152 5.50518587662551
29 326 5.37363214777241
29 524 5.38132890233506
29 566 4.90873230978058
29 581 5.11187422774216
29 935 15.8668352778496
30 30 60.5786000310062
30 135 8.08099138787513
30 321 3.39364408931074
30 423 7.23505995352471
30 465 3.37419141659368
30 552 8.91838806148635
30 588 4.15325359096582
30 639 3.63446541369776
30 909 13.5604428280472
30 969 6.32655626785377
30 999 16.2684062373924
30 1005 15.9225007997618
31 31 60.5786000310062
31 136 8.08099138787513
31 322 3.39364408931074
31 424 7.23505995352471
31 466 3.37419141659368
31 553 8.91838806148635
31 589 4.15325359096582
31 640 3.63446541369776
31 910 13.5604428280472
31 970 6.32655626785377
31 1000 16.2684062373924
31 1006 15.9225007997618
32 32 60.5786000310062
32 137 8.08099138787513
32 323 3.39364408931074
32 425 7.23505995352471
32 467 3.37419141659368
32 554 8.91838806148635
32 590 4.15325359096582
32 641 3.63446541369776
32 911 13.5604428280472
32 971 6.32655626785377
32 1001 16.2684062373924
32 1007 15.9225007997618
33 33 46.2009197628891
33 36 5.06941898987322
33 246 3.72127833597479
33 450 7.92682912925471
33 462 15.119304250836
33 585 4.37049629946506
33 591 5.82662779114265
33 906 16.1248439138515
33 1020 11.1425809339356
34 34 46.2009197628891
34 37 5.06941898987322
34 247 3.72127833597479
34 451 7.92682912925471
34 463 15.119304250836
34 586 4.37049629946506
34 592 5.82662779114265
34 907 16.1248439138515
34 1021 11.1425809339356
35 35 46.2009197628891
35 38 5.06941898987322
35 248 3.72127833597479
35 452 7.92682912925471
35 464 15.119304250836
35 587 4.37049629946506
35 593 5.82662779114265
35 908 16.1248439138515
35 1022 11.1425809339356
36 33 5.06941898987322
36 36 27.5058389112072
36 246 4.84151092754612
36 261 5.20725041605722
36 288 2.40490551136335
36 294 2.21993986669943
36 300 4.55727351833218
36 462 5.79148151431764
36 591 2.25556909456412
36 1020 8.91140852805746
37 34 5.06941898987322
37 37 27.5058389112072
37 247 4.84151092754612
37 262 5.20725041605722
37 289 2.40490551136335
37 295 2.21993986669943
37 301 4.55727351833218
37 463 5.79148151431764
37 592 2.25556909456412
37 1021 8.91140852805746
38 35 5.06941898987322
38 38 27.5058389112072
38 248 4.84151092754612
38 263 5.20725041605722
38 290 2.40490551136335
38 296 2.21993986669943
38 302 4.55727351833218
38 464 5.79148151431764
38 593 2.25556909456412
38 1022 8.91140852805746
39 12 4.96979116056792
39 39 24.7973552270592
39 42 2.96686482332412
39 150 3.16256629107417
39 177 2.74776234247194
39 180 2.90263323260079
39 327 5.21944218586622
39 960 4.94041897289176
39 1017 10.2865538317919
40 13 4.96979116056792
40 40 24.7973552270592
40 43 2.96686482332412
40 151 3.16256629107417
40 178 2.74776234247194
40 181 2.90263323260079
40 328 5.21944218586622
40 961 4.94041897289176
40 1018 10.2865538317919
41 14 4.96979116056792
41 41 24.7973552270592
41 44 2.96686482332412
41 152 3.16256629107417
41 179 2.74776234247194
41 182 2.90263323260079
41 329 5.21944218586622
41 962 4.94041897289176
41 1019 10.2865538317919
42 12 10.2205633530974
42 39 2.96686482332412
42 42 105.034651198789
42 45 15.7874081135338
42 177 5.88690714980596
42 633 2.49850667817172
42 738 3.5556519142974
42 741 6.99066211513153
42 792 9.99094056967568
42 924 28.8430706405864
42 960 16.4804340532751
42 969 21.6941031316596
42 1014 14.2566374025791
42 1017 18.3802268530454
43 13 10.2205633530974
43 40 2.96686482332412
43 43 105.034651198789
43 46 15.7874081135338
43 178 5.88690714980596
43 634 2.49850667817172
43 739 3.5556519142974
43 742 6.99066211513153
43 793 9.99094056967568
43 925 28.8430706405864
43 961 16.4804340532751
43 970 21.6941031316596
43 1015 14.2566374025791
43 1018 18.3802268530454
44 14 10.2205633530974
44 41 2.96686482332412
44 44 105.034651198789
44 47 15.7874081135338
44 179 5.88690714980596
44 635 2.49850667817172
44 740 3.5556519142974
44 743 6.99066211513153
44 794 9.99094056967568
44 926 28.8430706405864
44 962 16.4804340532751
44 971 21.6941031316596
44 1016 14.2566374025791
44 1019 18.3802268530454
45 42 15.7874081135338
45 45 61.64564578584
45 291 0.5856163773715
45 528 4.77515773378591
45 633 5.95033622415312
45 645 8.52210991922412
45 732 5.14152156701764
45 741 7.91591074896874
45 792 5.17924238511075
45 861 1.8587939615357
45 924 21.7451734258066
45 969 15.007198222252
46 43 15.7874081135338
46 46 61.64564578584
46 292 0.5856163773715
46 529 4.77515773378591
46 634 5.95033622415312
46 646 8.52210991922412
46 733 5.14152156701764
46 742 7.91591074896874
46 793 5.17924238511075
46 862 1.8587939615357
46 925 21.7451734258066
46 970 15.007198222252
47 44 15.7874081135338
47 47 61.64564578584
47 293 0.5856163773715
47 530 4.77515773378591
47 635 5.95033622415312
47 647 8.52210991922412
47 734 5.14152156701764
47 743 7.91591074896874
47 794 5.17924238511075
47 863 1.8587939615357
47 926 21.7451734258066
47 971 15.007198222252
48 48 40.7265068841263
48 51 4.16548555710627
48 60 3.3236655637426
48 366 6.66405868164748
48 699 2.58940887861025
48 756 6.01442664996712
48 831 4.0094323176361
48 975 15.6848561703502
48 978 7.46439195314225
48 1029 11.1740345539871
49 49 40.7265068841263
49 52 4.16548555710627
49 61 3.3236655637426
49 367 6.66405868164748
49 700 2.58940887861025
49 757 6.01442664996712
49 832 4.0094323176361
49 976 15.6848561703502
49 979 7.46439195314225
49 1030 11.1740345539871
50 50 40.7265068841263
50 53 4.16548555710627
50 62 3.3236655637426
50 368 6.66405868164748
50 701 2.58940887861025
50 758 6.01442664996712
50 833 4.0094323176361
50 977 15.6848561703502
50 980 7.46439195314225
50 1031 11.1740345539871
51 48 4.16548555710627
51 51 36.3725964437301
51 60 6.18664022413338
51 63 3.64761080920122
51 72 4.09227293336849
51 366 0.353363178169475
51 666 3.70115663150298
51 831 8.2985013662287
51 975 10.0930513011259
51 1014 14.0208126647588
52 49 4.16548555710627
52 52 36.3725964437301
52 61 6.18664022413338
52 64 3.64761080920122
52 73 4.09227293336849
52 367 0.353363178169475
52 667 3.70115663150298
52 832 8.2985013662287
52 976 10.0930513011259
52 1015 14.0208126647588
53 50 4.16548555710627
53 53 36.3725964437301
53 62 6.18664022413338
53 65 3.64761080920122
53 74 4.09227293336849
53 368 0.353363178169475
53 668 3.70115663150298
53 833 8.2985013662287
53 977 10.0930513011259
53 1016 14.0208126647588
54 54 20.4114934009594
54 57 3.24095443210548
54 162 3.26100620383293
54 357 3.23462044971983
54 540 3.60381849050577
54 744 3.70378606454127
54 846 3.36730776025408
54 996 10.2057467004797
55 55 20.4114934009594
55 58 3.24095443210548
55 163 3.26100620383293
55 358 3.23462044971983
55 541 3.60381849050577
55 745 3.70378606454127
55 847 3.36730776025408
55 997 10.2057467004797
56 56 20.4114934009594
56 59 3.24095443210548
56 164 3.26100620383293
56 359 3.23462044971983
56 542 3.60381849050577
56 746 3.70378606454127
56 848 3.36730776025408
56 998 10.2057467004797
57 54 3.24095443210548
57 57 26.1818240884844
57 357 5.7310719111489
57 360 3.28588770590084
57 540 5.76161632625503
57 618 3.2668363423998
57 951 9.84995761213673
57 996 8.13641180277985
58 55 3.24095443210548
58 58 26.1818240884844
58 358 5.7310719111489
58 361 3.28588770590084
58 541 5.76161632625503
58 619 3.2668363423998
58 952 9.84995761213673
58 997 8.13641180277985
59 56 3.24095443210548
59 59 26.1818240884844
59 359 5.7310719111489
59 362 3.28588770590084
59 542 5.76161632625503
59 620 3.2668363423998
59 953 9.84995761213673
59 998 8.13641180277985
60 48 3.3236655637426
60 51 6.18664022413338
60 60 30.3327704239506
60 63 4.94067890185591
60 384 4.20637976131921
60 642 4.0336923600699
60 756 3.76383397774649
60 975 13.3284794868631
60 1014 5.71578536019531
61 49 3.3236655637426
61 52 6.18664022413338
61 61 30.3327704239506
61 64 4.94067890185591
61 385 4.20637976131921
61 643 4.0336923600699
61 757 3.76383397774649
61 976 13.3284794868631
61 1015 5.71578536019531
62 50 3.3236655637426
62 53 6.18664022413338
62 62 30.3327704239506
62 65 4.94067890185591
62 386 4.20637976131921
62 644 4.0336923600699
62 758 3.76383397774649
62 977 13.3284794868631
62 1016 5.71578536019531
63 51 3.64761080920122
63 60 4.94067890185591
63 63 48.7441640681414
63 621 6.1872922229685
63 624 3.72828818179673
63 642 9.70251775818449
63 666 3.56449088864145
63 924 13.8934098663291
63 975 12.7823931973486
63 1014 14.6695642758862
64 52 3.64761080920122
64 61 4.94067890185591
64 64 48.7441640681414
64 622 6.1872922229685
64 625 3.72828818179673
64 643 9.70251775818449
64 667 3.56449088864145
64 925 13.8934098663291
64 976 12.7823931973486
64 1015 14.6695642758862
65 53 3.64761080920122
65 62 4.94067890185591
65 65 48.7441640681414
65 623 6.1872922229685
65 626 3.72828818179673
65 644 9.70251775818449
65 668 3.56449088864145
65 926 13.8934098663291
65 977 12.7823931973486
65 1016 14.6695642758862
66 66 44.5192481333334
66 69 6.37363055759464
66 75 7.66096589926843
66 210 3.98296487876008
66 375 4.26484583975391
66 378 4.49420764659589
66 417 7.97932119831457
66 936 16.3678205107205
66 963 9.66048460394921
66 996 5.9946310650428
67 67 44.5192481333334
67 70 6.37363055759464
67 76 7.66096589926843
67 211 3.98296487876008
67 376 4.26484583975391
67 379 4.49420764659589
67 418 7.97932119831457
67 937 16.3678205107205
67 964 9.66048460394921
67 997 5.9946310650428
68 68 44.5192481333334
68 71 6.37363055759464
68 77 7.66096589926843
68 212 3.98296487876008
68 377 4.26484583975391
68 380 4.49420764659589
68 419 7.97932119831457
68 938 16.3678205107205
68 965 9.66048460394921
68 998 5.9946310650428
69 66 6.37363055759464
69 69 33.4765396227761
69 75 3.49103242408935
69 159 3.04053569571888
69 378 4.71307186312168
69 411 7.32410355807455
69 846 3.28471153830842
69 936 9.96252584899031
69 996 12.0251979482664
70 67 6.37363055759464
70 70 33.4765396227761
70 76 3.49103242408935
70 160 3.04053569571888
70 379 4.71307186312168
70 412 7.32410355807455
70 847 3.28471153830842
70 937 9.96252584899031
70 997 12.0251979482664
71 68 6.37363055759464
71 71 33.4765396227761
71 77 3.49103242408935
71 161 3.04053569571888
71 380 4.71307186312168
71 413 7.32410355807455
71 848 3.28471153830842
71 938 9.96252584899031
71 998 12.0251979482664
72 51 4.09227293336849
72 72 25.768364800394
72 111 4.49696729346908
72 153 4.29494217335945
72 666 3.88511387532402
72 831 4.46317950713038
72 834 4.53588901774262
72 1014 12.884182400197
73 52 4.09227293336849
73 73 25.768364800394
73 112 4.49696729346908
73 154 4.29494217335945
73 667 3.88511387532402
73 832 4.46317950713038
73 835 4.53588901774262
73 1015 12.884182400197
74 53 4.09227293336849
74 74 25.768364800394
74 113 4.49696729346908
74 155 4.29494217335945
74 668 3.88511387532402
74 833 4.46317950713038
74 836 4.53588901774262
74 1016 12.884182400197
75 66 7.66096589926843
75 69 3.49103242408935
75 75 42.164477463321
75 159 3.08493150236673
75 210 3.74602511836408
75 252 6.3243054891689
75 255 3.94844179205152
75 936 7.52087570003817
75 963 14.1278054867388
75 996 13.3423327828956
76 67 7.66096589926843
76 70 3.49103242408935
76 76 42.164477463321
76 160 3.08493150236673
76 211 3.74602511836408
76 253 6.3243054891689
76 256 3.94844179205152
76 937 7.52087570003817
76 964 14.1278054867388
76 997 13.3423327828956
77 68 7.66096589926843
77 71 3.49103242408935
77 77 42.164477463321
77 161 3.08493150236673
77 212 3.74602511836408
77 254 6.3243054891689
77 257 3.94844179205152
77 938 7.52087570003817
77 965 14.1278054867388
77 998 13.3423327828956
78 78 21.383543240762
78 87 3.54415756108074
78 402 3.63698766980987
78 555 3.55399621022659
78 558 3.51062638949036
78 567 3.26017037832838
78 753 3.87760503182601
78 993 10.691771620381
79 79 21.383543240762
79 88 3.54415756108074
79 403 3.63698766980987
79 556 3.55399621022659
79 559 3.51062638949036
79 568 3.26017037832838
79 754 3.87760503182601
79 994 10.691771620381
80 80 21.383543240762
80 89 3.54415756108074
80 404 3.63698766980987
80 557 3.55399621022659
80 560 3.51062638949036
80 569 3.26017037832838
80 755 3.87760503182601
80 995 10.691771620381
81 81 61.602914596229
81 84 11.8336257704114
81 270 5.21907266068559
81 594 5.18017225398833
81 609 5.32197306037466
81 675 5.58953979825502
81 804 11.1313867834656
81 849 5.45656055242412
81 912 20.1258240850048
81 936 22.5462169297339
82 82 61.602914596229
82 85 11.8336257704114
82 271 5.21907266068559
82 595 5.18017225398833
82 610 5.32197306037466
82 676 5.58953979825502
82 805 11.1313867834656
82 850 5.45656055242412
82 913 20.1258240850048
82 937 22.5462169297339
83 83 61.602914596229
83 86 11.8336257704114
83 272 5.21907266068559
83 596 5.18017225398833
83 611 5.32197306037466
83 677 5.58953979825502
83 806 11.1313867834656
83 851 5.45656055242412
83 914 20.1258240850048
83 938 22.5462169297339
84 81 11.8336257704114
84 84 72.1200779183496
84 120 9.80984897119318
84 540 4.39725261233982
84 675 5.6326223652279
84 744 4.42852966138511
84 849 8.19145868844588
84 912 23.4713276583891
84 936 18.8883930185906
84 996 21.5270581315414
85 82 11.8336257704114
85 85 72.1200779183496
85 121 9.80984897119318
85 541 4.39725261233982
85 676 5.6326223652279
85 745 4.42852966138511
85 850 8.19145868844588
85 913 23.4713276583891
85 937 18.8883930185906
85 997 21.5270581315414
86 83 11.8336257704114
86 86 72.1200779183496
86 122 9.80984897119318
86 542 4.39725261233982
86 677 5.6326223652279
86 746 4.42852966138511
86 851 8.19145868844588
86 914 23.4713276583891
86 938 18.8883930185906
86 998 21.5270581315414
87 24 4.00436605683791
87 78 3.54415756108074
87 87 30.6250429791249
87 372 0.620250902231125
87 555 7.27239909347557
87 753 4.05221327663833
87 870 6.31498330043416
87 930 7.14374696941266
87 993 12.9854473085768
88 25 4.00436605683791
88 79 3.54415756108074
88 88 30.6250429791249
88 373 0.620250902231125
88 556 7.27239909347557
88 754 4.05221327663833
88 871 6.31498330043416
88 931 7.14374696941266
88 994 12.9854473085768
89 26 4.00436605683791
89 80 3.54415756108074
89 89 30.6250429791249
89 374 0.620250902231125
89 557 7.27239909347557
89 755 4.05221327663833
89 872 6.31498330043416
89 932 7.14374696941266
89 995 12.9854473085768
90 6 11.3158910316882
90 90 46.3483828456141
90 168 5.21043439762843
90 369 4.97801366968572
90 372 2.43811672619108
90 519 6.80296874898526
90 696 4.15756800299996
90 867 5.58549157202221
90 873 0.894036174664033
90 885 11.9136470050182
90 930 16.2264069395382
91 7 11.3158910316882
91 91 46.3483828456141
91 169 5.21043439762843
91 370 4.97801366968572
91 373 2.43811672619108
91 520 6.80296874898526
91 697 4.15756800299996
91 868 5.58549157202221
91 874 0.894036174664033
91 886 11.9136470050182
91 931 16.2264069395382
92 8 11.3158910316882
92 92 46.3483828456141
92 170 5.21043439762843
92 371 4.97801366968572
92 374 2.43811672619108
92 521 6.80296874898526
92 698 4.15756800299996
92 869 5.58549157202221
92 875 0.894036174664033
92 887 11.9136470050182
92 932 16.2264069395382
93 93 25.3922034400011
93 408 4.00682920732806
93 717 4.21569269365449
93 720 4.38505317619772
93 723 4.47357981901801
93 726 3.77775246621986
93 798 4.53329607758297
93 939 12.6961017200006
94 94 25.3922034400011
94 409 4.00682920732806
94 718 4.21569269365449
94 721 4.38505317619772
94 724 4.47357981901801
94 727 3.77775246621986
94 799 4.53329607758297
94 940 12.6961017200006
95 95 25.3922034400011
95 410 4.00682920732806
95 719 4.21569269365449
95 722 4.38505317619772
95 725 4.47357981901801
95 728 3.77775246621986
95 800 4.53329607758297
95 941 12.6961017200006
96 96 27.5448351681001
96 99 3.10363380765209
96 102 5.39544568909087
96 105 3.67243606316414
96 651 3.9178182436401
96 672 6.46010481164318
96 927 10.668783776398
96 1023 8.09903036056185
97 97 27.5448351681001
97 100 3.10363380765209
97 103 5.39544568909087
97 106 3.67243606316414
97 652 3.9178182436401
97 673 6.46010481164318
97 928 10.668783776398
97 1024 8.09903036056185
98 98 27.5448351681001
98 101 3.10363380765209
98 104 5.39544568909087
98 107 3.67243606316414
98 653 3.9178182436401
98 674 6.46010481164318
98 929 10.668783776398
98 1025 8.09903036056185
99 96 3.10363380765209
99 99 25.7793551098083
99 102 3.16433432743577
99 525 3.1258239453456
99 654 3.08692232325863
99 657 5.60023048476428
99 672 4.96948001896137
99 945 4.99491155191672
99 1023 10.623696205378
100 97 3.10363380765209
100 100 25.7793551098083
100 103 3.16433432743577
100 526 3.1258239453456
100 655 3.08692232325863
100 658 5.60023048476428
100 673 4.96948001896137
100 946 4.99491155191672
100 1024 10.623696205378
101 98 3.10363380765209
101 101 25.7793551098083
101 104 3.16433432743577
101 527 3.1258239453456
101 656 3.08692232325863
101 659 5.60023048476428
101 674 4.96948001896137
101 947 4.99491155191672
101 1025 10.623696205378
102 96 5.39544568909087
102 99 3.16433432743577
102 102 30.0628354226685
102 105 3.97059336119206
102 273 5.71673776882274
102 276 4.12805792729718
102 525 3.1757281188177
102 927 10.3955651371575
102 1023 9.14779080418895
103 97 5.39544568909087
103 100 3.16433432743577
103 103 30.0628354226685
103 106 3.97059336119206
103 274 5.71673776882274
103 277 4.12805792729718
103 526 3.1757281188177
103 928 10.3955651371575
103 1024 9.14779080418895
104 98 5.39544568909087
104 101 3.16433432743577
104 104 30.0628354226685
104 107 3.97059336119206
104 275 5.71673776882274
104 278 4.12805792729718
104 527 3.1757281188177
104 929 10.3955651371575
104 1025 9.14779080418895
105 96 3.67243606316414
105 102 3.97059336119206
105 105 30.2668300785942
105 183 4.66278643870616
105 276 4.39169236811538
105 513 4.58667833614079
105 648 4.65927625864821
105 651 4.32336725262743
105 927 15.1334150392971
106 97 3.67243606316414
106 103 3.97059336119206
106 106 30.2668300785942
106 184 4.66278643870616
106 277 4.39169236811538
106 514 4.58667833614079
106 649 4.65927625864821
106 652 4.32336725262743
106 928 15.1334150392971
107 98 3.67243606316414
107 104 3.97059336119206
107 107 30.2668300785942
107 185 4.66278643870616
107 278 4.39169236811538
107 515 4.58667833614079
107 650 4.65927625864821
107 653 4.32336725262743
107 929 15.1334150392971
108 108 52.8968726528447
108 111 9.90373176809001
108 144 6.1736330849499
108 354 4.60384088196693
108 402 8.4770883774391
108 567 4.96854899679189
108 570 5.22633494851344
108 831 5.62031603166707
108 900 21.3403012024869
108 960 13.0315136873618
109 109 52.8968726528447
109 112 9.90373176809001
109 145 6.1736330849499
109 355 4.60384088196693
109 403 8.4770883774391
109 568 4.96854899679189
109 571 5.22633494851344
109 832 5.62031603166707
109 901 21.3403012024869
109 961 13.0315136873618
110 110 52.8968726528447
110 113 9.90373176809001
110 146 6.1736330849499
110 356 4.60384088196693
110 404 8.4770883774391
110 569 4.96854899679189
110 572 5.22633494851344
110 833 5.62031603166707
110 902 21.3403012024869
110 962 13.0315136873618
111 72 4.49696729346908
111 108 9.90373176809001
111 111 60.067353819809
111 144 0.504294241968483
111 354 6.75970105457155
111 831 9.84109029552632
111 834 4.44487458765836
111 900 18.2727143198954
111 960 15.7477120267198
111 1014 20.1299451418145
112 73 4.49696729346908
112 109 9.90373176809001
112 112 60.067353819809
112 145 0.504294241968483
112 355 6.75970105457155
112 832 9.84109029552632
112 835 4.44487458765836
112 901 18.2727143198954
112 961 15.7477120267198
112 1015 20.1299451418145
113 74 4.49696729346908
113 110 9.90373176809001
113 113 60.067353819809
113 146 0.504294241968483
113 356 6.75970105457155
113 833 9.84109029552632
113 836 4.44487458765836
113 902 18.2727143198954
113 962 15.7477120267198
113 1016 20.1299451418145
114 114 64.8329000236806
114 117 3.18559373971077
114 441 8.15892677806342
114 480 2.76469903978292
114 684 6.0180444803676
114 714 6.28669930913435
114 909 9.75735152147775
114 966 17.6806027036999
114 987 19.2302029067606
114 990 15.2849733603846
114 1008 8.88225619613909
115 115 64.8329000236806
115 118 3.18559373971077
115 442 8.15892677806342
115 481 2.76469903978292
115 685 6.0180444803676
115 715 6.28669930913435
115 910 9.75735152147775
115 967 17.6806027036999
115 988 19.2302029067606
115 991 15.2849733603846
115 1009 8.88225619613909
116 116 64.8329000236806
116 119 3.18559373971077
116 443 8.15892677806342
116 482 2.76469903978292
116 686 6.0180444803676
116 716 6.28669930913435
116 911 9.75735152147775
116 968 17.6806027036999
116 989 19.2302029067606
116 992 15.2849733603846
116 1010 8.88225619613909
117 114 3.18559373971077
117 117 19.9302593251713
117 213 3.59489852158298
117 219 3.42052231543308
117 681 3.18463740129191
117 684 3.06995051389294
117 714 3.47465683325964
117 966 9.96512966258566
118 115 3.18559373971077
118 118 19.9302593251713
118 214 3.59489852158298
118 220 3.42052231543308
118 682 3.18463740129191
118 685 3.06995051389294
118 715 3.47465683325964
118 967 9.96512966258566
119 116 3.18559373971077
119 119 19.9302593251713
119 215 3.59489852158298
119 221 3.42052231543308
119 683 3.18463740129191
119 686 3.06995051389294
119 716 3.47465683325964
119 968 9.96512966258566
120 84 9.80984897119318
120 120 72.1228905609651
120 315 8.5196917288514
120 540 6.5420224115353
120 618 6.10840601320103
120 675 5.36317286063225
120 777 3.33492906690672
120 912 23.6794128213556
120 951 16.1467559432708
120 996 14.4722259577466
120 1029 14.2078700667549
121 85 9.80984897119318
121 121 72.1228905609651
121 316 8.5196917288514
121 541 6.5420224115353
121 619 6.10840601320103
121 676 5.36317286063225
121 778 3.33492906690672
121 913 23.6794128213556
121 952 16.1467559432708
121 997 14.4722259577466
121 1030 14.2078700667549
122 86 9.80984897119318
122 122 72.1228905609651
122 317 8.5196917288514
122 542 6.5420224115353
122 620 6.10840601320103
122 677 5.36317286063225
122 779 3.33492906690672
122 914 23.6794128213556
122 953 16.1467559432708
122 998 14.4722259577466
122 1031 14.2078700667549
123 9 5.30839628742458
123 21 4.66898559412473
123 123 37.7583575852016
123 663 6.58082154458059
123 711 8.02482415299644
123 876 3.5116215973915
123 891 3.69976128637149
123 906 11.35178265325
123 1005 13.4913432616631
124 10 5.30839628742458
124 22 4.66898559412473
124 124 37.7583575852016
124 664 6.58082154458059
124 712 8.02482415299644
124 877 3.5116215973915
124 892 3.69976128637149
124 907 11.35178265325
124 1006 13.4913432616631
125 11 5.30839628742458
125 23 4.66898559412473
125 125 37.7583575852016
125 665 6.58082154458059
125 713 8.02482415299644
125 878 3.5116215973915
125 893 3.69976128637149
125 908 11.35178265325
125 1007 13.4913432616631
126 126 40.2037006833048
126 129 4.8368184994462
126 132 7.64499484051949
126 441 7.85701605210958
126 480 5.33433000566938
126 483 4.59983944902332
126 864 3.40546847146076
126 1002 9.9307018365368
126 1008 16.6963818701916
127 127 40.2037006833048
127 130 4.8368184994462
127 133 7.64499484051949
127 442 7.85701605210958
127 481 5.33433000566938
127 484 4.59983944902332
127 865 3.40546847146076
127 1003 9.9307018365368
127 1009 16.6963818701916
128 128 40.2037006833048
128 131 4.8368184994462
128 134 7.64499484051949
128 443 7.85701605210958
128 482 5.33433000566938
128 485 4.59983944902332
128 866 3.40546847146076
128 1004 9.9307018365368
128 1010 16.6963818701916
129 126 4.8368184994462
129 129 20.0422759986986
129 132 4.44591465726818
129 483 4.34724902150647
129 573 0.413363032630375
129 630 3.37202092079185
129 759 3.04027289968593
129 1008 9.60777496671894
130 127 4.8368184994462
130 130 20.0422759986986
130 133 4.44591465726818
130 484 4.34724902150647
130 574 0.413363032630375
130 631 3.37202092079185
130 760 3.04027289968593
130 1009 9.60777496671894
131 128 4.8368184994462
131 131 20.0422759986986
131 134 4.44591465726818
131 485 4.34724902150647
131 575 0.413363032630375
131 632 3.37202092079185
131 761 3.04027289968593
131 1010 9.60777496671894
132 126 7.64499484051949
132 129 4.44591465726818
132 132 35.0047531320146
132 561 3.34994996604002
132 564 3.14875564509747
132 579 3.50247628433919
132 759 4.89416800113852
132 864 3.54380011237865
132 1002 13.0564619087391
132 1008 8.92060828250127
133 127 7.64499484051949
133 130 4.44591465726818
133 133 35.0047531320146
133 562 3.34994996604002
133 565 3.14875564509747
133 580 3.50247628433919
133 760 4.89416800113852
133 865 3.54380011237865
133 1003 13.0564619087391
133 1009 8.92060828250127
134 128 7.64499484051949
134 131 4.44591465726818
134 134 35.0047531320146
134 563 3.34994996604002
134 566 3.14875564509747
134 581 3.50247628433919
134 761 4.89416800113852
134 866 3.54380011237865
134 1004 13.0564619087391
134 1010 8.92060828250127
135 30 8.08099138787513
135 135 48.3633701226175
135 318 3.57862377261763
135 465 3.23532449829533
135 507 9.15031814147198
135 588 0.610309493219216
135 639 8.34886880169045
135 783 4.11102684926758
135 969 15.0103947634187
135 999 14.414865483106
135 1005 6.00433199296421
136 31 8.08099138787513
136 136 48.3633701226175
136 319 3.57862377261763
136 466 3.23532449829533
136 508 9.15031814147198
136 589 0.610309493219216
136 640 8.34886880169045
136 784 4.11102684926758
136 970 15.0103947634187
136 1000 14.414865483106
136 1006 6.00433199296421
137 32 8.08099138787513
137 137 48.3633701226175
137 320 3.57862377261763
137 467 3.23532449829533
137 509 9.15031814147198
137 590 0.610309493219216
137 641 8.34886880169045
137 785 4.11102684926758
137 971 15.0103947634187
137 1001 14.414865483106
137 1007 6.00433199296421
138 138 15.5645549840858
138 321 3.03197171011518
138 450 3.38477264588404
138 474 2.83043581119677
138 585 3.45121535630924
138 876 2.86615946058058
138 906 7.78227749204291
139 139 15.5645549840858
139 322 3.03197171011518
139 451 3.38477264588404
139 475 2.83043581119677
139 586 3.45121535630924
139 877 2.86615946058058
139 907 7.78227749204291
140 140 15.5645549840858
140 323 3.03197171011518
140 452 3.38477264588404
140 476 2.83043581119677
140 587 3.45121535630924
140 878 2.86615946058058
140 908 7.78227749204291
141 9 3.8048977140129
141 141 18.4771266045978
141 480 3.73323018100256
141 483 0.591494261179483
141 573 4.07156140117178
141 576 4.39762266282251
141 582 3.25755247270289
141 711 0.716605863966384
141 990 7.14272535003815
142 10 3.8048977140129
142 142 18.4771266045978
142 481 3.73323018100256
142 484 0.591494261179483
142 574 4.07156140117178
142 577 4.39762266282251
142 583 3.25755247270289
142 712 0.716605863966384
142 991 7.14272535003815
143 11 3.8048977140129
143 143 18.4771266045978
143 482 3.73323018100256
143 485 0.591494261179483
143 575 4.07156140117178
143 578 4.39762266282251
143 584 3.25755247270289
143 713 0.716605863966384
143 992 7.14272535003815
144 108 6.1736330849499
144 111 0.504294241968483
144 144 37.5975760718076
144 147 3.93404383910941
144 570 9.48131402213473
144 831 6.26814063252852
144 852 5.97189853942077
144 900 14.3604499548259
144 978 9.70258979277367
145 109 6.1736330849499
145 112 0.504294241968483
145 145 37.5975760718076
145 148 3.93404383910941
145 571 9.48131402213473
145 832 6.26814063252852
145 853 5.97189853942077
145 901 14.3604499548259
145 979 9.70258979277367
146 110 6.1736330849499
146 113 0.504294241968483
146 146 37.5975760718076
146 149 3.93404383910941
146 572 9.48131402213473
146 833 6.26814063252852
146 854 5.97189853942077
146 902 14.3604499548259
146 980 9.70258979277367
147 3 4.19606311125267
147 144 3.93404383910941
147 147 24.8000909459861
147 231 4.26993852263095
147 570 4.11069340696109
147 807 4.41774599466048
147 852 3.87160607137146
147 978 12.400045472993
148 4 4.19606311125267
148 145 3.93404383910941
148 148 24.8000909459861
148 232 4.26993852263095
148 571 4.11069340696109
148 808 4.41774599466048
148 853 3.87160607137146
148 979 12.400045472993
149 5 4.19606311125267
149 146 3.93404383910941
149 149 24.8000909459861
149 233 4.26993852263095
149 572 4.11069340696109
149 809 4.41774599466048
149 854 3.87160607137146
149 980 12.400045472993
150 27 5.50518587662551
150 39 3.16256629107417
150 150 34.7344406493062
150 180 3.22323491180649
150 324 7.05339589725621
150 327 3.574365140122
150 579 7.15125813632269
150 933 10.5696202727246
150 1017 11.8620344480276
151 28 5.50518587662551
151 40 3.16256629107417
151 151 34.7344406493062
151 181 3.22323491180649
151 325 7.05339589725621
151 328 3.574365140122
151 580 7.15125813632269
151 934 10.5696202727246
151 1018 11.8620344480276
152 29 5.50518587662551
152 41 3.16256629107417
152 152 34.7344406493062
152 182 3.22323491180649
152 326 7.05339589725621
152 329 3.574365140122
152 581 7.15125813632269
152 935 10.5696202727246
152 1019 11.8620344480276
153 72 4.29494217335945
153 153 22.9378468343047
153 624 5.15624031777522
153 666 3.92089875040737
153 789 5.24674482129556
153 795 1.04581467245323
153 834 4.31902077146709
153 1014 10.4231087446991
154 73 4.29494217335945
154 154 22.9378468343047
154 625 5.15624031777522
154 667 3.92089875040737
154 790 5.24674482129556
154 796 1.04581467245323
154 835 4.31902077146709
154 1015 10.4231087446991
155 74 4.29494217335945
155 155 22.9378468343047
155 626 5.15624031777522
155 668 3.92089875040737
155 791 5.24674482129556
155 797 1.04581467245323
155 836 4.31902077146709
155 1016 10.4231087446991
156 156 45.9851364213239
156 258 3.2191493857311
156 264 2.96745837263254
156 291 8.76053935316766
156 645 14.2487617305804
156 738 7.01229076212908
156 741 1.39529605066336
156 762 8.02958243956802
156 858 3.31951669948431
156 861 6.2301535657996
156 969 5.78050089437857
156 1020 8.01445537785125
157 157 45.9851364213239
157 259 3.2191493857311
157 265 2.96745837263254
157 292 8.76053935316766
157 646 14.2487617305804
157 739 7.01229076212908
157 742 1.39529605066336
157 763 8.02958243956802
157 859 3.31951669948431
157 862 6.2301535657996
157 970 5.78050089437857
157 1021 8.01445537785125
158 158 45.9851364213239
158 260 3.2191493857311
158 266 2.96745837263254
158 293 8.76053935316766
158 647 14.2487617305804
158 740 7.01229076212908
158 743 1.39529605066336
158 764 8.02958243956802
158 860 3.31951669948431
158 863 6.2301535657996
158 971 5.78050089437857
158 1022 8.01445537785125
159 69 3.04053569571888
159 75 3.08493150236673
159 159 14.76047653469
159 162 2.83696481616265
159 252 2.93947073993816
159 846 2.85857378050355
159 996 7.38023826734499
160 70 3.04053569571888
160 76 3.08493150236673
160 160 14.76047653469
160 163 2.83696481616265
160 253 2.93947073993816
160 847 2.85857378050355
160 997 7.38023826734499
161 71 3.04053569571888
161 77 3.08493150236673
161 161 14.76047653469
161 164 2.83696481616265
161 254 2.93947073993816
161 848 2.85857378050355
161 998 7.38023826734499
162 54 3.26100620383293
162 159 2.83696481616265
162 162 24.6431057709084
162 252 3.16597714386767
162 357 4.36672117597316
162 399 5.46443094690069
162 846 3.02119110657292
162 951 4.49433770606565
162 996 10.3540295569869
163 55 3.26100620383293
163 160 2.83696481616265
163 163 24.6431057709084
163 253 3.16597714386767
163 358 4.36672117597316
163 400 5.46443094690069
163 847 3.02119110657292
163 952 4.49433770606565
163 997 10.3540295569869
164 56 3.26100620383293
164 161 2.83696481616265
164 164 24.6431057709084
164 254 3.16597714386767
164 359 4.36672117597316
164 401 5.46443094690069
164 848 3.02119110657292
164 953 4.49433770606565
164 998 10.3540295569869
165 165 83.7707245049943
165 168 4.59470038901247
165 171 9.4553297579531
165 225 6.83564984689743
165 438 9.30233972338882
165 660 7.72945206418467
165 678 4.56468477503319
165 918 19.5871945008704
165 930 26.7868688960785
165 945 15.8943870190232
165 1023 20.9054797850496
166 166 83.7707245049943
166 169 4.59470038901247
166 172 9.4553297579531
166 226 6.83564984689743
166 439 9.30233972338882
166 661 7.72945206418467
166 679 4.56468477503319
166 919 19.5871945008704
166 931 26.7868688960785
166 946 15.8943870190232
166 1024 20.9054797850496
167 167 83.7707245049943
167 170 4.59470038901247
167 173 9.4553297579531
167 227 6.83564984689743
167 440 9.30233972338882
167 662 7.72945206418467
167 680 4.56468477503319
167 920 19.5871945008704
167 932 26.7868688960785
167 947 15.8943870190232
167 1025 20.9054797850496
168 90 5.21043439762843
168 165 4.59470038901247
168 168 29.8967739769079
168 171 4.68670709650376
168 438 5.05124549432174
168 519 5.2195840408308
168 867 5.13410255861067
168 930 14.9483869884539
169 91 5.21043439762843
169 166 4.59470038901247
169 169 29.8967739769079
169 172 4.68670709650376
169 439 5.05124549432174
169 520 5.2195840408308
169 868 5.13410255861067
169 931 14.9483869884539
170 92 5.21043439762843
170 167 4.59470038901247
170 170 29.8967739769079
170 173 4.68670709650376
170 440 5.05124549432174
170 521 5.2195840408308
170 869 5.13410255861067
170 932 14.9483869884539
171 165 9.4553297579531
171 168 4.68670709650376
171 171 46.9841426188024
171 204 9.33521748356535
171 207 4.61062145327785
171 678 4.52710821414221
171 867 5.04681134320081
171 918 16.2754405123647
171 930 16.5389780671958
172 166 9.4553297579531
172 169 4.68670709650376
172 172 46.9841426188024
172 205 9.33521748356535
172 208 4.61062145327785
172 679 4.52710821414221
172 868 5.04681134320081
172 919 16.2754405123647
172 931 16.5389780671958
173 167 9.4553297579531
173 170 4.68670709650376
173 173 46.9841426188024
173 206 9.33521748356535
173 209 4.61062145327785
173 680 4.52710821414221
173 869 5.04681134320081
173 920 16.2754405123647
173 932 16.5389780671958
174 174 33.4113334087776
174 177 5.29765678301203
174 180 2.84311746786352
174 582 6.59589872637125
174 630 2.63116940692011
174 738 3.62815495398368
174 759 2.86502538858006
174 762 3.95016719121341
174 969 11.2313798296052
174 1008 11.0744303656172
175 175 33.4113334087776
175 178 5.29765678301203
175 181 2.84311746786352
175 583 6.59589872637125
175 631 2.63116940692011
