3576
3576
0 0 0.929502527366857
0 3 0.201008332460517
0 210 0.0506352119264584
0 708 0.214745497816978
0 711 0.263742931222912
0 1023 0.25000576586645
0 1026 0.0527289866095983
0 3492 0.361387065147372
1 1 0.929502527366857
1 4 0.201008332460517
1 211 0.0506352119264584
1 709 0.214745497816978
1 712 0.263742931222912
1 1024 0.25000576586645
1 1027 0.0527289866095983
1 3493 0.361387065147372
2 2 0.929502527366857
2 5 0.201008332460517
2 212 0.0506352119264584
2 710 0.214745497816978
2 713 0.263742931222912
2 1025 0.25000576586645
2 1028 0.0527289866095983
2 3494 0.361387065147372
3 0 0.201008332460517
3 3 1.19218204405317
3 9 0.149483755903433
3 210 0.109127974695125
3 708 0.298783462214192
3 1023 0.163905088341267
3 2523 0.245598933662634
3 3042 0.133402471471125
3 3492 0.486963047331459
4 1 0.201008332460517
4 4 1.19218204405317
4 10 0.149483755903433
4 211 0.109127974695125
4 709 0.298783462214192
4 1024 0.163905088341267
4 2524 0.245598933662634
4 3043 0.133402471471125
4 3493 0.486963047331459
5 2 0.201008332460517
5 5 1.19218204405317
5 11 0.149483755903433
5 212 0.109127974695125
5 710 0.298783462214192
5 1025 0.163905088341267
5 2525 0.245598933662634
5 3044 0.133402471471125
5 3494 0.486963047331459
6 6 2.33439420091137
6 51 0.362899093409785
6 87 0.160283768566774
6 126 0.152786407499224
6 2577 0.230327239781136
6 2682 0.221233741316055
6 2832 0.356668545662197
6 3297 0.850844431152558
6 3384 0.746630527533748
6 3399 0.419917546445579
7 7 2.33439420091137
7 52 0.362899093409785
7 88 0.160283768566774
7 127 0.152786407499224
7 2578 0.230327239781136
7 2683 0.221233741316055
7 2833 0.356668545662197
7 3298 0.850844431152558
7 3385 0.746630527533748
7 3400 0.419917546445579
8 8 2.33439420091137
8 53 0.362899093409785
8 89 0.160283768566774
8 128 0.152786407499224
8 2579 0.230327239781136
8 2684 0.221233741316055
8 2834 0.356668545662197
8 3299 0.850844431152558
8 3386 0.746630527533748
8 3401 0.419917546445579
9 3 0.149483755903433
9 9 1.08220350494355
9 213 0.232447727000766
9 216 0.187093394629141
9 252 0.156288711323091
9 1023 0.1439599195135
9 3042 0.142931683164367
9 3126 0.1291171980686
9 3492 0.481982867812425
10 4 0.149483755903433
10 10 1.08220350494355
10 214 0.232447727000766
10 217 0.187093394629141
10 253 0.156288711323091
10 1024 0.1439599195135
10 3043 0.142931683164367
10 3127 0.1291171980686
10 3493 0.481982867812425
11 5 0.149483755903433
11 11 1.08220350494355
11 215 0.232447727000766
11 218 0.187093394629141
11 254 0.156288711323091
11 1025 0.1439599195135
11 3044 0.142931683164367
11 3128 0.1291171980686
11 3494 0.481982867812425
12 12 1.66120632632231
12 15 0.265226621088197
12 171 0.297077261147406
12 1005 0.223080985337792
12 1305 0.144476578066998
12 1446 0.169150862099479
12 2100 0.292380870358632
12 3177 0.270833572522144
12 3456 0.222564820255157
12 3567 0.607017918607661
13 13 1.66120632632231
13 16 0.265226621088197
13 172 0.297077261147406
13 1006 0.223080985337792
13 1306 0.144476578066998
13 1447 0.169150862099479
13 2101 0.292380870358632
13 3178 0.270833572522144
13 3457 0.222564820255157
13 3568 0.607017918607661
14 14 1.66120632632231
14 17 0.265226621088197
14 173 0.297077261147406
14 1007 0.223080985337792
14 1307 0.144476578066998
14 1448 0.169150862099479
14 2102 0.292380870358632
14 3179 0.270833572522144
14 3458 0.222564820255157
14 3569 0.607017918607661
15 12 0.265226621088197
15 15 4.07124887783494
15 615 0.270038866670039
15 1002 0.194491981469589
15 1005 0.388433038709418
15 1884 0.670521687406172
15 2049 0.264115417860052
15 2100 0.479587506427809
15 3219 1.12122393383937
15 3273 1.24147681942207
15 3456 0.949905395351062
15 3567 0.261852048508628
16 13 0.265226621088197
16 16 4.07124887783494
16 616 0.270038866670039
16 1003 0.194491981469589
16 1006 0.388433038709418
16 1885 0.670521687406172
16 2050 0.264115417860052
16 2101 0.479587506427809
16 3220 1.12122393383937
16 3274 1.24147681942207
16 3457 0.949905395351062
16 3568 0.261852048508628
17 14 0.265226621088197
17 17 4.07124887783494
17 617 0.270038866670039
17 1004 0.194491981469589
17 1007 0.388433038709418
17 1886 0.670521687406172
17 2051 0.264115417860052
17 2102 0.479587506427809
17 3221 1.12122393383937
17 3275 1.24147681942207
17 3458 0.949905395351062
17 3569 0.261852048508628
18 18 1.32697339057766
18 21 0.236401768376466
18 135 0.14546230503192
18 1293 0.14362514048366
18 1689 0.143888705533134
18 2001 0.31631502682648
18 2934 0.158109849437952
18 3273 0.298880765687999
18 3495 0.547776524488877
19 19 1.32697339057766
19 22 0.236401768376466
19 136 0.14546230503192
19 1294 0.14362514048366
19 1690 0.143888705533134
19 2002 0.31631502682648
19 2935 0.158109849437952
19 3274 0.298880765687999
19 3496 0.547776524488877
20 20 1.32697339057766
20 23 0.236401768376466
20 137 0.14546230503192
20 1295 0.14362514048366
20 1691 0.143888705533134
20 2003 0.31631502682648
20 2936 0.158109849437952
20 3275 0.298880765687999
20 3497 0.547776524488877
21 18 0.236401768376466
21 21 1.40218114213318
21 135 0.367516436828656
21 927 0.160043305540688
21 1518 0.173621792379393
21 2001 0.203659458449733
21 3273 0.638219631387374
21 3495 0.323809320237465
22 19 0.236401768376466
22 22 1.40218114213318
22 136 0.367516436828656
22 928 0.160043305540688
22 1519 0.173621792379393
22 2002 0.203659458449733
22 3274 0.638219631387374
22 3496 0.323809320237465
23 20 0.236401768376466
23 23 1.40218114213318
23 137 0.367516436828656
23 929 0.160043305540688
23 1520 0.173621792379393
23 2003 0.203659458449733
23 3275 0.638219631387374
23 3497 0.323809320237465
24 24 2.01647926054975
24 1542 0.402106033619969
24 2493 0.277513655992539
24 2496 0.290554021895158
24 2595 0.403171735275347
24 2766 0.147155251327452
24 3027 0.155297355077885
24 3192 0.776442228779361
24 3540 0.572478608856914
25 25 2.01647926054975
25 1543 0.402106033619969
25 2494 0.277513655992539
25 2497 0.290554021895158
25 2596 0.403171735275347
25 2767 0.147155251327452
25 3028 0.155297355077885
25 3193 0.776442228779361
25 3541 0.572478608856914
26 26 2.01647926054975
26 1544 0.402106033619969
26 2495 0.277513655992539
26 2498 0.290554021895158
26 2597 0.403171735275347
26 2768 0.147155251327452
26 3029 0.155297355077885
26 3194 0.776442228779361
26 3542 0.572478608856914
27 27 0.689655614195111
27 30 0.140446281998397
27 891 0.135149309249647
27 1095 0.152781010910622
27 1404 0.134154186438894
27 2154 0.127124825597551
27 2994 0.02310744228614
27 3405 0.321720364811415
28 28 0.689655614195111
28 31 0.140446281998397
28 892 0.135149309249647
28 1096 0.152781010910622
28 1405 0.134154186438894
28 2155 0.127124825597551
28 2995 0.02310744228614
28 3406 0.321720364811415
29 29 0.689655614195111
29 32 0.140446281998397
29 893 0.135149309249647
29 1097 0.152781010910622
29 1406 0.134154186438894
29 2156 0.127124825597551
29 2996 0.02310744228614
29 3407 0.321720364811415
30 27 0.140446281998397
30 30 1.77184151756216
30 858 0.163451247756313
30 1095 0.166789942457006
30 1398 0.279484240113492
30 1404 0.369873044144721
30 2604 0.349257772179354
30 3195 0.58202322902637
30 3405 0.606436518667588
31 28 0.140446281998397
31 31 1.77184151756216
31 859 0.163451247756313
31 1096 0.166789942457006
31 1399 0.279484240113492
31 1405 0.369873044144721
31 2605 0.349257772179354
31 3196 0.58202322902637
31 3406 0.606436518667588
32 29 0.140446281998397
32 32 1.77184151756216
32 860 0.163451247756313
32 1097 0.166789942457006
32 1400 0.279484240113492
32 1406 0.369873044144721
32 2606 0.349257772179354
32 3197 0.58202322902637
32 3407 0.606436518667588
33 33 2.22207852323833
33 477 0.0341559005523409
33 480 0.376997827275997
33 873 0.607904726096303
33 876 0.321952705633632
33 1962 0.139950043073554
33 2367 0.26862608974241
33 2373 0.255215774446116
33 3255 0.888189815240041
33 3468 0.440124902797104
34 34 2.22207852323833
34 478 0.0341559005523409
34 481 0.376997827275997
34 874 0.607904726096303
34 877 0.321952705633632
34 1963 0.139950043073554
34 2368 0.26862608974241
34 2374 0.255215774446116
34 3256 0.888189815240041
34 3469 0.440124902797104
35 35 2.22207852323833
35 479 0.0341559005523409
35 482 0.376997827275997
35 875 0.607904726096303
35 878 0.321952705633632
35 1964 0.139950043073554
35 2369 0.26862608974241
35 2375 0.255215774446116
35 3257 0.888189815240041
35 3470 0.440124902797104
36 36 2.10160788510712
36 1161 0.177785724907677
36 1164 0.230072164118204
36 1440 0.380606157839083
36 1866 0.207870915132907
36 2088 0.160169331980117
36 2448 0.183859951825603
36 2733 0.669704082316306
36 2820 0.17823815119456
36 3024 0.306727539748278
36 3054 0.122767074126743
36 3549 0.534610734471208
37 37 2.10160788510712
37 1162 0.177785724907677
37 1165 0.230072164118204
37 1441 0.380606157839083
37 1867 0.207870915132907
37 2089 0.160169331980117
37 2449 0.183859951825603
37 2734 0.669704082316306
37 2821 0.17823815119456
37 3025 0.306727539748278
37 3055 0.122767074126743
37 3550 0.534610734471208
38 38 2.10160788510712
38 1163 0.177785724907677
38 1166 0.230072164118204
38 1442 0.380606157839083
38 1868 0.207870915132907
38 2090 0.160169331980117
38 2450 0.183859951825603
38 2735 0.669704082316306
38 2822 0.17823815119456
38 3026 0.306727539748278
38 3056 0.122767074126743
38 3551 0.534610734471208
39 39 1.12781265115669
39 438 0.192632471826934
39 897 0.185361790043917
39 2439 0.185912063707494
39 2445 0.185690002373099
39 2751 0.189308809548422
39 3006 0.188907513656825
39 3393 0.563906325578345
40 40 1.12781265115669
40 439 0.192632471826934
40 898 0.185361790043917
40 2440 0.185912063707494
40 2446 0.185690002373099
40 2752 0.189308809548422
40 3007 0.188907513656825
40 3394 0.563906325578345
41 41 1.12781265115669
41 440 0.192632471826934
41 899 0.185361790043917
41 2441 0.185912063707494
41 2447 0.185690002373099
41 2753 0.189308809548422
41 3008 0.188907513656825
41 3395 0.563906325578345
42 42 1.58393974835878
42 45 0.212577457859132
42 1503 0.18368559111352
42 2043 0.0280360243965876
42 2082 0.156521757203258
42 2085 0.201003610248324
42 2268 0.302651403645721
42 2394 0.31720424671503
42 3288 0.423726501466024
42 3423 0.550503029890575
43 43 1.58393974835878
43 46 0.212577457859132
43 1504 0.18368559111352
43 2044 0.0280360243965876
43 2083 0.156521757203258
43 2086 0.201003610248324
43 2269 0.302651403645721
43 2395 0.31720424671503
43 3289 0.423726501466024
43 3424 0.550503029890575
44 44 1.58393974835878
44 47 0.212577457859132
44 1505 0.18368559111352
44 2045 0.0280360243965876
44 2084 0.156521757203258
44 2087 0.201003610248324
44 2270 0.302651403645721
44 2396 0.31720424671503
44 3290 0.423726501466024
44 3425 0.550503029890575
45 42 0.212577457859132
45 45 2.32485749014754
45 333 0.167593219185715
45 486 0.266094908467272
45 1905 0.14355748955112
45 2043 0.295983725601121
45 2268 0.185910909660609
45 2271 0.291194940436028
45 2394 0.170195418439089
45 3288 0.731103183324404
45 3408 0.537732931614046
45 3483 0.485342051082772
46 43 0.212577457859132
46 46 2.32485749014754
46 334 0.167593219185715
46 487 0.266094908467272
46 1906 0.14355748955112
46 2044 0.295983725601121
46 2269 0.185910909660609
46 2272 0.291194940436028
46 2395 0.170195418439089
46 3289 0.731103183324404
46 3409 0.537732931614046
46 3484 0.485342051082772
47 44 0.212577457859132
47 47 2.32485749014754
47 335 0.167593219185715
47 488 0.266094908467272
47 1907 0.14355748955112
47 2045 0.295983725601121
47 2270 0.185910909660609
47 2273 0.291194940436028
47 2396 0.170195418439089
47 3290 0.731103183324404
47 3410 0.537732931614046
47 3485 0.485342051082772
48 48 2.42906436577953
48 1152 0.227283889374439
48 1656 0.50573035631316
48 1659 0.216533554595267
48 1662 0.240970633448339
48 2772 0.481517937202167
48 2982 0.259819464017728
48 3213 0.997998628294498
48 3294 0.713742085423698
49 49 2.42906436577953
49 1153 0.227283889374439
49 1657 0.50573035631316
49 1660 0.216533554595267
49 1663 0.240970633448339
49 2773 0.481517937202167
49 2983 0.259819464017728
49 3214 0.997998628294498
49 3295 0.713742085423698
50 50 2.42906436577953
50 1154 0.227283889374439
50 1658 0.50573035631316
50 1661 0.216533554595267
50 1664 0.240970633448339
50 2774 0.481517937202167
50 2984 0.259819464017728
50 3215 0.997998628294498
50 3296 0.713742085423698
51 6 0.362899093409785
51 51 1.85143898137172
51 84 0.182621723681313
51 87 0.257902109984235
51 2577 0.314776187368313
51 2580 0.201637941554168
51 2955 0.186293045888646
51 3297 0.292859480770322
51 3384 0.248600344680057
51 3399 0.729568544720741
52 7 0.362899093409785
52 52 1.85143898137172
52 85 0.182621723681313
52 88 0.257902109984235
52 2578 0.314776187368313
52 2581 0.201637941554168
52 2956 0.186293045888646
52 3298 0.292859480770322
52 3385 0.248600344680057
52 3400 0.729568544720741
53 8 0.362899093409785
53 53 1.85143898137172
53 86 0.182621723681313
53 89 0.257902109984235
53 2579 0.314776187368313
53 2582 0.201637941554168
53 2957 0.186293045888646
53 3299 0.292859480770322
53 3386 0.248600344680057
53 3401 0.729568544720741
54 54 1.37243512098843
54 57 0.143529484072302
54 681 0.242997575679088
54 1605 0.190253208719329
54 2040 0.152068702791927
54 2658 0.291151282023201
54 2817 0.156112517155324
54 3243 0.386575559266589
54 3537 0.495964351774887
55 55 1.37243512098843
55 58 0.143529484072302
55 682 0.242997575679088
55 1606 0.190253208719329
55 2041 0.152068702791927
55 2659 0.291151282023201
55 2818 0.156112517155324
55 3244 0.386575559266589
55 3538 0.495964351774887
56 56 1.37243512098843
56 59 0.143529484072302
56 683 0.242997575679088
56 1607 0.190253208719329
56 2042 0.152068702791927
56 2660 0.291151282023201
56 2819 0.156112517155324
56 3245 0.386575559266589
56 3539 0.495964351774887
57 54 0.143529484072302
57 57 1.13773322321703
57 270 0.188024229753752
57 681 0.13610951028353
57 789 0.166906827474437
57 792 0.17516621722302
57 1590 0.166830591241206
57 2040 0.161166363168779
57 3537 0.568866611608514
58 55 0.143529484072302
58 58 1.13773322321703
58 271 0.188024229753752
58 682 0.13610951028353
58 790 0.166906827474437
58 793 0.17516621722302
58 1591 0.166830591241206
58 2041 0.161166363168779
58 3538 0.568866611608514
59 56 0.143529484072302
59 59 1.13773322321703
59 272 0.188024229753752
59 683 0.13610951028353
59 791 0.166906827474437
59 794 0.17516621722302
59 1592 0.166830591241206
59 2042 0.161166363168779
59 3539 0.568866611608514
60 60 0.311762689337967
60 63 0.102274422002571
60 294 0.155881344668983
60 297 0.0536069226664125
60 309 0.0492046591390583
60 1218 0.106676685529925
61 61 0.311762689337967
61 64 0.102274422002571
61 295 0.155881344668983
61 298 0.0536069226664125
61 310 0.0492046591390583
61 1219 0.106676685529925
62 62 0.311762689337967
62 65 0.102274422002571
62 296 0.155881344668983
62 299 0.0536069226664125
62 311 0.0492046591390583
62 1220 0.106676685529925
63 60 0.102274422002571
63 63 0.611988030374397
63 183 0.157996442093486
63 198 0.0809329347567409
63 294 0.147997573093712
63 309 0.252924252323686
63 1218 0.175856421291399
64 61 0.102274422002571
64 64 0.611988030374397
64 184 0.157996442093486
64 199 0.0809329347567409
64 295 0.147997573093712
64 310 0.252924252323686
64 1219 0.175856421291399
65 62 0.102274422002571
65 65 0.611988030374397
65 185 0.157996442093486
65 200 0.0809329347567409
65 296 0.147997573093712
65 311 0.252924252323686
65 1220 0.175856421291399
66 66 2.93790640419905
66 240 0.642514225227906
66 672 0.291224303329129
66 675 0.12708511100011
66 2526 0.472348442820435
66 2589 0.216082910151048
66 2796 0.14970360641431
66 2835 0.134798782725033
66 2985 0.594319274453277
66 2988 0.746447851720742
66 3057 0.17782269768289
66 3555 0.854512400773692
67 67 2.93790640419905
67 241 0.642514225227906
67 673 0.291224303329129
67 676 0.12708511100011
67 2527 0.472348442820435
67 2590 0.216082910151048
67 2797 0.14970360641431
67 2836 0.134798782725033
67 2986 0.594319274453277
67 2989 0.746447851720742
67 3058 0.17782269768289
67 3556 0.854512400773692
68 68 2.93790640419905
68 242 0.642514225227906
68 674 0.291224303329129
68 677 0.12708511100011
68 2528 0.472348442820435
68 2591 0.216082910151048
68 2798 0.14970360641431
68 2837 0.134798782725033
68 2987 0.594319274453277
68 2990 0.746447851720742
68 3059 0.17782269768289
68 3557 0.854512400773692
69 69 1.21318139753994
69 960 0.226486193236133
69 963 0.179222938300333
69 1098 0.135164288407147
69 1101 0.130725489522116
69 1119 0.244940217126689
69 1854 0.132804954983995
69 3525 0.343060254263858
69 3573 0.427367760469636
70 70 1.21318139753994
70 961 0.226486193236133
70 964 0.179222938300333
70 1099 0.135164288407147
70 1102 0.130725489522116
70 1120 0.244940217126689
70 1855 0.132804954983995
70 3526 0.343060254263858
70 3574 0.427367760469636
71 71 1.21318139753994
71 962 0.226486193236133
71 965 0.179222938300333
71 1100 0.135164288407147
71 1103 0.130725489522116
71 1121 0.244940217126689
71 1856 0.132804954983995
71 3527 0.343060254263858
71 3575 0.427367760469636
72 72 2.83552352581618
72 75 0.394002506523278
72 78 0.237542873343289
72 402 0.321690663941263
72 1245 0.179082373911658
72 1809 0.369166116776531
72 2865 0.312729157109715
72 3282 0.920705701601722
72 3441 0.608882166434375
72 3480 0.262605830043863
72 3516 0.646877899038573
73 73 2.83552352581618
73 76 0.394002506523278
73 79 0.237542873343289
73 403 0.321690663941263
73 1246 0.179082373911658
73 1810 0.369166116776531
73 2866 0.312729157109715
73 3283 0.920705701601722
73 3442 0.608882166434375
73 3481 0.262605830043863
73 3517 0.646877899038573
74 74 2.83552352581618
74 77 0.394002506523278
74 80 0.237542873343289
74 404 0.321690663941263
74 1247 0.179082373911658
74 1811 0.369166116776531
74 2867 0.312729157109715
74 3284 0.920705701601722
74 3443 0.608882166434375
74 3482 0.262605830043863
74 3518 0.646877899038573
75 72 0.394002506523278
75 75 1.84149203161304
75 78 0.235920406092996
75 402 0.191886403829663
75 405 0.176656594352573
75 1230 0.170017320643173
75 2892 0.350086914930667
75 3282 0.558842291333683
75 3441 0.684825609713522
76 73 0.394002506523278
76 76 1.84149203161304
76 79 0.235920406092996
76 403 0.191886403829663
76 406 0.176656594352573
76 1231 0.170017320643173
76 2893 0.350086914930667
76 3283 0.558842291333683
76 3442 0.684825609713522
77 74 0.394002506523278
77 77 1.84149203161304
77 80 0.235920406092996
77 404 0.191886403829663
77 407 0.176656594352573
77 1232 0.170017320643173
77 2894 0.350086914930667
77 3284 0.558842291333683
77 3443 0.684825609713522
78 72 0.237542873343289
78 75 0.235920406092996
78 78 1.98371181951669
78 1782 0.166666122921398
78 2865 0.375087844006579
78 2889 0.380847659658768
78 2892 0.233957120168655
78 3282 0.825189786836946
78 3498 0.5203559162464
79 73 0.237542873343289
79 76 0.235920406092996
79 79 1.98371181951669
79 1783 0.166666122921398
79 2866 0.375087844006579
79 2890 0.380847659658768
79 2893 0.233957120168655
79 3283 0.825189786836946
79 3499 0.5203559162464
80 74 0.237542873343289
80 77 0.235920406092996
80 80 1.98371181951669
80 1784 0.166666122921398
80 2867 0.375087844006579
80 2891 0.380847659658768
80 2894 0.233957120168655
80 3284 0.825189786836946
80 3500 0.5203559162464
81 81 0.830218447502237
81 201 0.240172769985356
81 525 0.0474740630126874
81 2358 0.17433259266374
81 3063 0.174936453765762
81 3129 0.240776631087379
81 3315 0.367635160738431
82 82 0.830218447502237
82 202 0.240172769985356
82 526 0.0474740630126874
82 2359 0.17433259266374
82 3064 0.174936453765762
82 3130 0.240776631087379
82 3316 0.367635160738431
83 83 0.830218447502237
83 203 0.240172769985356
83 527 0.0474740630126874
83 2360 0.17433259266374
83 3065 0.174936453765762
83 3131 0.240776631087379
83 3317 0.367635160738431
84 51 0.182621723681313
84 84 2.14088348151486
84 87 0.23735306623904
84 1476 0.26456237937285
84 1746 0.182488269894463
84 1854 0.289906804634734
84 2955 0.187467100615348
84 3384 0.523665988477187
84 3399 0.780534936122698
84 3573 0.562724953234663
85 52 0.182621723681313
85 85 2.14088348151486
85 88 0.23735306623904
85 1477 0.26456237937285
85 1747 0.182488269894463
85 1855 0.289906804634734
85 2956 0.187467100615348
85 3385 0.523665988477187
85 3400 0.780534936122698
85 3574 0.562724953234663
86 53 0.182621723681313
86 86 2.14088348151486
86 89 0.23735306623904
86 1478 0.26456237937285
86 1748 0.182488269894463
86 1856 0.289906804634734
86 2957 0.187467100615348
86 3386 0.523665988477187
86 3401 0.780534936122698
86 3575 0.562724953234663
87 6 0.160283768566774
87 51 0.257902109984235
87 84 0.23735306623904
87 87 1.42399374144473
87 126 0.148840915404917
87 129 0.145404441790987
87 1119 0.162647051386218
87 1854 0.168904260977178
87 3384 0.617250598430317
87 3399 0.237404399387426
88 7 0.160283768566774
88 52 0.257902109984235
88 85 0.23735306623904
88 88 1.42399374144473
88 127 0.148840915404917
88 130 0.145404441790987
88 1120 0.162647051386218
88 1855 0.168904260977178
88 3385 0.617250598430317
88 3400 0.237404399387426
89 8 0.160283768566774
89 53 0.257902109984235
89 86 0.23735306623904
89 89 1.42399374144473
89 128 0.148840915404917
89 131 0.145404441790987
89 1121 0.162647051386218
89 1856 0.168904260977178
89 3386 0.617250598430317
89 3401 0.237404399387426
90 90 1.08869720547298
90 117 0.175833843847916
90 516 0.199443926743643
90 1236 0.169070832144929
90 1548 0.164829545424083
90 2151 0.194082033599376
90 2976 0.185437023713029
90 3432 0.544348602736488
91 91 1.08869720547298
91 118 0.175833843847916
91 517 0.199443926743643
91 1237 0.169070832144929
91 1549 0.164829545424083
91 2152 0.194082033599376
91 2977 0.185437023713029
91 3433 0.544348602736488
92 92 1.08869720547298
92 119 0.175833843847916
92 518 0.199443926743643
92 1238 0.169070832144929
92 1550 0.164829545424083
92 2153 0.194082033599376
92 2978 0.185437023713029
92 3434 0.544348602736488
93 93 2.80134601534311
93 192 0.459119954360405
93 1647 0.260879429883398
93 1845 0.206941737014147
93 2442 0.199628493047105
93 2532 0.19757805014028
93 2841 0.191843741205688
93 2886 0.52990923272438
93 3090 0.304959937647515
93 3195 0.796524727470024
93 3225 1.05463371952173
94 94 2.80134601534311
94 193 0.459119954360405
94 1648 0.260879429883398
94 1846 0.206941737014147
94 2443 0.199628493047105
94 2533 0.19757805014028
94 2842 0.191843741205688
94 2887 0.52990923272438
94 3091 0.304959937647515
94 3196 0.796524727470024
94 3226 1.05463371952173
95 95 2.80134601534311
95 194 0.459119954360405
95 1649 0.260879429883398
95 1847 0.206941737014147
95 2444 0.199628493047105
95 2534 0.19757805014028
95 2843 0.191843741205688
95 2888 0.52990923272438
95 3092 0.304959937647515
95 3197 0.796524727470024
95 3227 1.05463371952173
96 96 1.91897522328076
96 1638 0.3039284593309
96 1803 0.378060390156068
96 1881 0.175592305743122
96 2343 0.190403765607625
96 2346 0.220621600698324
96 2868 0.26224954650179
96 3222 0.784333061684377
96 3477 0.306840104911171
96 3480 0.256433600287763
97 97 1.91897522328076
97 1639 0.3039284593309
97 1804 0.378060390156068
97 1882 0.175592305743122
97 2344 0.190403765607625
97 2347 0.220621600698324
97 2869 0.26224954650179
97 3223 0.784333061684377
97 3478 0.306840104911171
97 3481 0.256433600287763
98 98 1.91897522328076
98 1640 0.3039284593309
98 1805 0.378060390156068
98 1883 0.175592305743122
98 2345 0.190403765607625
98 2348 0.220621600698324
98 2870 0.26224954650179
98 3224 0.784333061684377
98 3479 0.306840104911171
98 3482 0.256433600287763
99 99 2.10792726758655
99 177 0.185163975608411
99 531 0.0964359747248532
99 534 0.287792864758756
99 582 0.315282173536721
99 585 0.213082872598002
99 588 0.200128402935224
99 639 0.471527489761176
99 804 0.177844188360452
99 1671 0.418134306771486
99 3357 0.796498652324749
100 100 2.10792726758655
100 178 0.185163975608411
100 532 0.0964359747248532
100 535 0.287792864758756
100 583 0.315282173536721
100 586 0.213082872598002
100 589 0.200128402935224
100 640 0.471527489761176
100 805 0.177844188360452
100 1672 0.418134306771486
100 3358 0.796498652324749
101 101 2.10792726758655
101 179 0.185163975608411
101 533 0.0964359747248532
101 536 0.287792864758756
101 584 0.315282173536721
101 587 0.213082872598002
101 590 0.200128402935224
101 641 0.471527489761176
101 806 0.177844188360452
101 1673 0.418134306771486
101 3359 0.796498652324749
102 102 1.8579370868786
102 105 0.214883000948776
102 273 0.194347657350168
102 456 0.325449387188023
102 666 0.192953877056658
102 1341 0.197633310850057
102 1380 0.187401276401723
102 2748 0.321527752778337
102 3357 0.696350537977418
102 3465 0.456358829766734
103 103 1.8579370868786
103 106 0.214883000948776
103 274 0.194347657350168
103 457 0.325449387188023
103 667 0.192953877056658
103 1342 0.197633310850057
103 1381 0.187401276401723
103 2749 0.321527752778337
103 3358 0.696350537977418
103 3466 0.456358829766734
104 104 1.8579370868786
104 107 0.214883000948776
104 275 0.194347657350168
104 458 0.325449387188023
104 668 0.192953877056658
104 1343 0.197633310850057
104 1382 0.187401276401723
104 2750 0.321527752778337
104 3359 0.696350537977418
104 3467 0.456358829766734
105 102 0.214883000948776
105 105 1.21056398712837
105 180 0.222936566314399
105 273 0.0349846946118235
105 666 0.18401211927795
105 1380 0.198333307971836
105 2637 0.27063421214873
105 2643 0.159807190662577
105 3357 0.530254888756463
106 103 0.214883000948776
106 106 1.21056398712837
106 181 0.222936566314399
106 274 0.0349846946118235
106 667 0.18401211927795
106 1381 0.198333307971836
106 2638 0.27063421214873
106 2644 0.159807190662577
106 3358 0.530254888756463
107 104 0.214883000948776
107 107 1.21056398712837
107 182 0.222936566314399
107 275 0.0349846946118235
107 668 0.18401211927795
107 1382 0.198333307971836
107 2639 0.27063421214873
107 2645 0.159807190662577
107 3359 0.530254888756463
108 108 3.05213465880924
108 498 0.50109430638847
108 903 0.666665282217862
108 1077 0.474139237924644
108 1536 0.25160285349497
108 1704 0.229241777037982
108 2352 0.405646708764964
108 2355 0.350117511879232
108 2793 0.356828665414921
108 3009 0.29533514654431
108 3075 0.307816035255938
108 3108 0.739714463290569
109 109 3.05213465880924
109 499 0.50109430638847
109 904 0.666665282217862
109 1078 0.474139237924644
109 1537 0.25160285349497
109 1705 0.229241777037982
109 2353 0.405646708764964
109 2356 0.350117511879232
109 2794 0.356828665414921
109 3010 0.29533514654431
109 3076 0.307816035255938
109 3109 0.739714463290569
110 110 3.05213465880924
110 500 0.50109430638847
110 905 0.666665282217862
110 1079 0.474139237924644
110 1538 0.25160285349497
110 1706 0.229241777037982
110 2354 0.405646708764964
110 2357 0.350117511879232
110 2795 0.356828665414921
110 3011 0.29533514654431
110 3077 0.307816035255938
110 3110 0.739714463290569
111 111 1.32589155241807
111 114 0.228198860059483
111 186 0.132975421524117
111 189 0.235280309441133
111 267 0.198765362192958
111 459 0.199466606708417
111 633 0.188183225573933
111 3030 0.529970354684917
111 3033 0.275997188442142
112 112 1.32589155241807
112 115 0.228198860059483
112 187 0.132975421524117
112 190 0.235280309441133
112 268 0.198765362192958
112 460 0.199466606708417
112 634 0.188183225573933
112 3031 0.529970354684917
112 3034 0.275997188442142
113 113 1.32589155241807
113 116 0.228198860059483
113 188 0.132975421524117
113 191 0.235280309441133
113 269 0.198765362192958
113 461 0.199466606708417
113 635 0.188183225573933
113 3032 0.529970354684917
113 3035 0.275997188442142
114 111 0.228198860059483
114 114 1.93835731008403
114 186 0.13690674614185
114 261 0.203044978938684
114 522 0.253358929008425
114 537 0.1852301882738
114 633 0.294961332364517
114 2523 0.53793481604385
114 3030 0.345744551085067
114 3033 0.420858393669075
114 3081 0.3012971695413
115 112 0.228198860059483
115 115 1.93835731008403
115 187 0.13690674614185
115 262 0.203044978938684
115 523 0.253358929008425
115 538 0.1852301882738
115 634 0.294961332364517
115 2524 0.53793481604385
115 3031 0.345744551085067
115 3034 0.420858393669075
115 3082 0.3012971695413
116 113 0.228198860059483
116 116 1.93835731008403
116 188 0.13690674614185
116 263 0.203044978938684
116 524 0.253358929008425
116 539 0.1852301882738
116 635 0.294961332364517
116 2525 0.53793481604385
116 3032 0.345744551085067
116 3035 0.420858393669075
116 3083 0.3012971695413
117 90 0.175833843847916
117 117 1.57498673254349
117 1548 0.17156606675317
117 1695 0.1834237255515
117 2151 0.191428805904271
117 2232 0.274260806693959
117 2739 0.344391141230496
117 3402 0.327788298787185
117 3432 0.693787410046743
118 91 0.175833843847916
118 118 1.57498673254349
118 1549 0.17156606675317
118 1696 0.1834237255515
118 2152 0.191428805904271
118 2233 0.274260806693959
118 2740 0.344391141230496
118 3403 0.327788298787185
118 3433 0.693787410046743
119 92 0.175833843847916
119 119 1.57498673254349
119 1550 0.17156606675317
119 1697 0.1834237255515
119 2153 0.191428805904271
119 2234 0.274260806693959
119 2741 0.344391141230496
119 3404 0.327788298787185
119 3434 0.693787410046743
120 120 2.31628218834366
120 159 0.170606557383675
120 180 0.550479322075236
120 183 0.343496114369887
120 198 0.252018257033073
120 294 0.307583700575257
120 309 0.354430717196981
120 489 0.516393774988444
120 1218 0.530227201897824
120 1278 0.03342283058849
120 2637 0.291073957599624
120 2640 0.124690848807002
121 121 2.31628218834366
121 160 0.170606557383675
121 181 0.550479322075236
121 184 0.343496114369887
121 199 0.252018257033073
121 295 0.307583700575257
121 310 0.354430717196981
121 490 0.516393774988444
121 1219 0.530227201897824
121 1279 0.03342283058849
121 2638 0.291073957599624
121 2641 0.124690848807002
122 122 2.31628218834366
122 161 0.170606557383675
122 182 0.550479322075236
122 185 0.343496114369887
122 200 0.252018257033073
122 296 0.307583700575257
122 311 0.354430717196981
122 491 0.516393774988444
122 1220 0.530227201897824
122 1280 0.03342283058849
122 2639 0.291073957599624
122 2642 0.124690848807002
123 123 0.896513239322274
123 1860 0.140156855204287
123 1863 0.142397569857814
123 1893 0.14459633212081
123 2133 0.153190277817148
123 2136 0.163503432336039
123 2253 0.152668771986174
123 3387 0.448256619661137
124 124 0.896513239322274
124 1861 0.140156855204287
124 1864 0.142397569857814
124 1894 0.14459633212081
124 2134 0.153190277817148
124 2137 0.163503432336039
124 2254 0.152668771986174
124 3388 0.448256619661137
125 125 0.896513239322274
125 1862 0.140156855204287
125 1865 0.142397569857814
125 1895 0.14459633212081
125 2135 0.153190277817148
125 2138 0.163503432336039
125 2255 0.152668771986174
125 3389 0.448256619661137
126 6 0.152786407499224
126 87 0.148840915404917
126 126 0.907750440406988
126 129 0.135187881454653
126 1953 0.162671986591339
126 2427 0.165900931249617
126 2832 0.142362318207238
126 3384 0.453875220203494
127 7 0.152786407499224
127 88 0.148840915404917
127 127 0.907750440406988
127 130 0.135187881454653
127 1954 0.162671986591339
127 2428 0.165900931249617
127 2833 0.142362318207238
127 3385 0.453875220203494
128 8 0.152786407499224
128 89 0.148840915404917
128 128 0.907750440406988
128 131 0.135187881454653
128 1955 0.162671986591339
128 2429 0.165900931249617
128 2834 0.142362318207238
128 3386 0.453875220203494
129 87 0.145404441790987
129 126 0.135187881454653
129 129 0.714045492578326
129 336 0.143109324697701
129 1119 0.145957660542733
129 1953 0.144386184092252
129 3384 0.357022746289163
130 88 0.145404441790987
130 127 0.135187881454653
130 130 0.714045492578326
130 337 0.143109324697701
130 1120 0.145957660542733
130 1954 0.144386184092252
130 3385 0.357022746289163
131 89 0.145404441790987
131 128 0.135187881454653
131 131 0.714045492578326
131 338 0.143109324697701
131 1121 0.145957660542733
131 1955 0.144386184092252
131 3386 0.357022746289163
132 132 0.949043183492901
132 135 0.231541322404654
132 921 0.167320532377401
132 2181 0.164764885189398
132 2913 0.054061927120237
132 2934 0.165931803777958
132 2961 0.21948463974349
132 3495 0.420459664626214
133 133 0.949043183492901
133 136 0.231541322404654
133 922 0.167320532377401
133 2182 0.164764885189398
133 2914 0.054061927120237
133 2935 0.165931803777958
133 2962 0.21948463974349
133 3496 0.420459664626214
134 134 0.949043183492901
134 137 0.231541322404654
134 923 0.167320532377401
134 2183 0.164764885189398
134 2915 0.054061927120237
134 2936 0.165931803777958
134 2963 0.21948463974349
134 3497 0.420459664626214
135 18 0.14546230503192
135 21 0.367516436828656
135 132 0.231541322404654
135 135 2.35539638654366
135 1518 0.204785147823546
135 2910 0.234038849034453
135 2913 0.446853622470997
135 2934 0.170307784978261
135 2961 0.172408263996202
135 3273 0.77211120461815
135 3495 0.788069642628655
136 19 0.14546230503192
136 22 0.367516436828656
136 133 0.231541322404654
136 136 2.35539638654366
136 1519 0.204785147823546
136 2911 0.234038849034453
136 2914 0.446853622470997
136 2935 0.170307784978261
136 2962 0.172408263996202
136 3274 0.77211120461815
136 3496 0.788069642628655
137 20 0.14546230503192
137 23 0.367516436828656
137 134 0.231541322404654
137 137 2.35539638654366
137 1520 0.204785147823546
137 2912 0.234038849034453
137 2915 0.446853622470997
137 2936 0.170307784978261
137 2963 0.172408263996202
137 3275 0.77211120461815
137 3497 0.788069642628655
138 138 1.34018025910115
138 141 0.217047837215878
138 144 0.219804884029931
138 1008 0.22688395934693
138 1908 0.215306142956328
138 1983 0.22615833298777
138 2025 0.234979102564319
138 3279 0.670090129550577
139 139 1.34018025910115
139 142 0.217047837215878
139 145 0.219804884029931
139 1009 0.22688395934693
139 1909 0.215306142956328
139 1984 0.22615833298777
139 2026 0.234979102564319
139 3280 0.670090129550577
140 140 1.34018025910115
140 143 0.217047837215878
140 146 0.219804884029931
140 1010 0.22688395934693
140 1910 0.215306142956328
140 1985 0.22615833298777
140 2027 0.234979102564319
140 3281 0.670090129550577
141 138 0.217047837215878
141 141 1.74136568009974
141 144 0.337735945602683
141 288 0.181888276522897
141 339 0.172180534185949
141 342 0.330216349189407
141 1908 0.20273054525778
141 3279 0.698502305863921
141 3318 0.471746726311095
142 139 0.217047837215878
142 142 1.74136568009974
142 145 0.337735945602683
142 289 0.181888276522897
142 340 0.172180534185949
142 343 0.330216349189407
142 1909 0.20273054525778
142 3280 0.698502305863921
142 3319 0.471746726311095
143 140 0.217047837215878
143 143 1.74136568009974
143 146 0.337735945602683
143 290 0.181888276522897
143 341 0.172180534185949
143 344 0.330216349189407
143 1910 0.20273054525778
143 3281 0.698502305863921
143 3320 0.471746726311095
144 138 0.219804884029931
144 141 0.337735945602683
144 144 1.73623718776129
144 339 0.176021376414189
144 1008 0.210279016724796
144 1443 0.175645980323329
144 1926 0.324031802876342
144 3279 0.609693890611451
144 3318 0.551142885059211
145 139 0.219804884029931
145 142 0.337735945602683
145 145 1.73623718776129
145 340 0.176021376414189
145 1009 0.210279016724796
145 1444 0.175645980323329
145 1927 0.324031802876342
145 3280 0.609693890611451
145 3319 0.551142885059211
146 140 0.219804884029931
146 143 0.337735945602683
146 146 1.73623718776129
146 341 0.176021376414189
146 1010 0.210279016724796
146 1445 0.175645980323329
146 1928 0.324031802876342
146 3281 0.609693890611451
146 3320 0.551142885059211
147 147 1.34374824026236
147 579 0.164088601639689
147 1032 0.276309574468621
147 1047 0.24754645151143
147 1050 0.159228452748505
147 1632 0.15188857259471
147 2046 0.168350430051691
147 3348 0.267002486287143
147 3417 0.581207791091748
148 148 1.34374824026236
148 580 0.164088601639689
148 1033 0.276309574468621
148 1048 0.24754645151143
148 1051 0.159228452748505
148 1633 0.15188857259471
148 2047 0.168350430051691
148 3349 0.267002486287143
148 3418 0.581207791091748
149 149 1.34374824026236
149 581 0.164088601639689
149 1034 0.276309574468621
149 1049 0.24754645151143
149 1052 0.159228452748505
149 1634 0.15188857259471
149 2048 0.168350430051691
149 3350 0.267002486287143
149 3419 0.581207791091748
150 150 1.55133457470784
150 306 0.238867492821325
150 1056 0.146950644530827
150 2082 0.152212697344781
150 2139 0.256862308304912
150 2394 0.400163040010947
150 2529 0.136636754521648
150 2541 0.0797160301254064
150 3288 0.430514979327708
150 3423 0.485077915074207
151 151 1.55133457470784
151 307 0.238867492821325
151 1057 0.146950644530827
151 2083 0.152212697344781
151 2140 0.256862308304912
151 2395 0.400163040010947
151 2530 0.136636754521648
151 2542 0.0797160301254064
151 3289 0.430514979327708
151 3424 0.485077915074207
152 152 1.55133457470784
152 308 0.238867492821325
152 1058 0.146950644530827
152 2084 0.152212697344781
152 2141 0.256862308304912
152 2396 0.400163040010947
152 2531 0.136636754521648
152 2543 0.0797160301254064
152 3290 0.430514979327708
152 3425 0.485077915074207
153 153 2.13237494758691
153 222 0.379708518730087
153 570 0.303032667860548
153 810 0.277648799994045
153 1269 0.329076371781492
153 2490 0.324701735994733
153 2652 0.305113683288988
153 3192 0.975151123241171
153 3504 0.304129520489297
154 154 2.13237494758691
154 223 0.379708518730087
154 571 0.303032667860548
154 811 0.277648799994045
154 1270 0.329076371781492
154 2491 0.324701735994733
154 2653 0.305113683288988
154 3193 0.975151123241171
154 3505 0.304129520489297
155 155 2.13237494758691
155 224 0.379708518730087
155 572 0.303032667860548
155 812 0.277648799994045
155 1271 0.329076371781492
155 2492 0.324701735994733
155 2654 0.305113683288988
155 3194 0.975151123241171
155 3506 0.304129520489297
156 156 0.382843759122447
156 1818 0.191421879561223
156 2280 0.0757360806073862
156 2526 0.0545821196831791
156 2670 0.115685798953837
156 2673 0.136839759878044
157 157 0.382843759122447
157 1819 0.191421879561223
157 2281 0.0757360806073862
157 2527 0.0545821196831791
157 2671 0.115685798953837
157 2674 0.136839759878044
158 158 0.382843759122447
158 1820 0.191421879561223
158 2282 0.0757360806073862
158 2528 0.0545821196831791
158 2672 0.115685798953837
158 2675 0.136839759878044
159 120 0.170606557383675
159 159 0.685182785142723
159 294 0.0848216776413101
159 309 0.0386321074619601
159 312 0.171984835187687
159 489 0.199306694149792
159 1278 0.10465259095961
159 2637 0.257769714930051
160 121 0.170606557383675
160 160 0.685182785142723
160 295 0.0848216776413101
160 310 0.0386321074619601
160 313 0.171984835187687
160 490 0.199306694149792
160 1279 0.10465259095961
160 2638 0.257769714930051
161 122 0.170606557383675
161 161 0.685182785142723
161 296 0.0848216776413101
161 311 0.0386321074619601
161 314 0.171984835187687
161 491 0.199306694149792
161 1280 0.10465259095961
161 2639 0.257769714930051
162 162 1.59046384966445
162 507 0.172888783522221
162 612 0.159834887836785
162 1821 0.291476256785292
162 1842 0.212055768829724
162 2388 0.301184558575368
162 2898 0.224941402127025
162 3276 0.546826174895528
162 3558 0.476487941924734
163 163 1.59046384966445
163 508 0.172888783522221
163 613 0.159834887836785
163 1822 0.291476256785292
163 1843 0.212055768829724
163 2389 0.301184558575368
163 2899 0.224941402127025
163 3277 0.546826174895528
163 3559 0.476487941924734
164 164 1.59046384966445
164 509 0.172888783522221
164 614 0.159834887836785
164 1823 0.291476256785292
164 1844 0.212055768829724
164 2390 0.301184558575368
164 2900 0.224941402127025
164 3278 0.546826174895528
164 3560 0.476487941924734
165 165 1.46962571900191
165 168 0.14002411113844
165 486 0.24498350256691
165 750 0.171043728492497
165 753 0.168796103739229
165 756 0.306749404050305
165 1905 0.137735115157073
165 2022 0.178446651071328
165 3408 0.35427525617554
165 3483 0.502384706111549
166 166 1.46962571900191
166 169 0.14002411113844
166 487 0.24498350256691
166 751 0.171043728492497
166 754 0.168796103739229
166 757 0.306749404050305
166 1906 0.137735115157073
166 2023 0.178446651071328
166 3409 0.35427525617554
166 3484 0.502384706111549
167 167 1.46962571900191
167 170 0.14002411113844
167 488 0.24498350256691
167 752 0.171043728492497
167 755 0.168796103739229
167 758 0.306749404050305
167 1907 0.137735115157073
167 2024 0.178446651071328
167 3410 0.35427525617554
