5.38462e+06 2.30769e+06 2.30769e+06 0 0 0 2.30769e+06 5.38462e+06 2.30769e+06 0 0 0 2.30769e+06 2.30769e+06 5.38462e+06 0 0 0 0 0 0 1.53846e+06 0 0 0 0 0 0 1.53846e+06 0 0 0 0 0 0 1.53846e+06 
2.419e+07 4.76248e+06 4.78171e+06 0 2.32933e+06 0 4.76248e+06 1.63014e+07 1.38663e+06 1.16661e+06 0 0 4.78171e+06 1.38663e+06 1.20909e+07 121017 777400 0 0 1.16661e+06 121017 89641.1 0 0 2.32933e+06 0 777400 0 3.03358e+06 0 0 0 0 0 0 4.70341e+06 
5.38462e+06 2.30769e+06 2.30769e+06 0 0 0 2.30769e+06 5.38462e+06 2.30769e+06 0 0 0 2.30769e+06 2.30769e+06 5.38462e+06 0 0 0 0 0 0 1.53846e+06 0 0 0 0 0 0 1.53846e+06 0 0 0 0 0 0 1.53846e+06 
5.21878e+06 1.46157e+06 4.5398e+06 1.03581e+06 397822 0 1.46157e+06 5.01421e+06 1.92235e+06 420007 658346 0 4.5398e+06 1.92235e+06 4.87793e+06 244894 1.23953e+06 0 1.03581e+06 420007 244894 1.40763e+06 0 619485 397822 658346 1.23953e+06 0 1.79614e+06 0 0 0 0 619485 0 1.26364e+06 
6.50372e+07 9.85735e+06 2.46632e+07 7.71629e+06 0 1.01406e+06 9.85735e+06 4.67219e+07 5.1626e+06 1.26527e+06 1.89146e+06 0 2.46632e+07 5.1626e+06 2.77699e+07 3.33133e+06 3.77692e+06 0 7.71629e+06 1.26527e+06 3.33133e+06 2.51066e+07 0 0 0 1.89146e+06 3.77692e+06 0 905078 741172 1.01406e+06 0 0 0 741172 9.26009e+06 
2.38214e+07 4.19803e+06 6.77405e+06 0 533894 1.56176e+07 4.19803e+06 1.0493e+07 1.77977e+06 678831 412844 0 6.77405e+06 1.77977e+06 6.27557e+06 1.44026e+06 2.76659e+06 3.26166e+06 0 678831 1.44026e+06 8.02516e+06 1.32775e+06 0 533894 412844 2.76659e+06 1.32775e+06 1.71393e+06 402475 1.56176e+07 0 3.26166e+06 0 402475 1.64153e+07 
5.57839e+06 2.36154e+06 3.34616e+06 0 1.81572e+06 2.53359e+06 2.36154e+06 8.49443e+06 4.20551e+06 100348 0 0 3.34616e+06 4.20551e+06 6.3719e+06 285738 0 0 0 100348 285738 1.84982e+06 0 0 1.81572e+06 0 0 0 875884 1.11623e+06 2.53359e+06 0 0 0 1.11623e+06 2.59403e+06 
5.38462e+06 2.30769e+06 2.30769e+06 0 0 0 2.30769e+06 5.38462e+06 2.30769e+06 0 0 0 2.30769e+06 2.30769e+06 5.38462e+06 0 0 0 0 0 0 1.53846e+06 0 0 0 0 0 0 1.53846e+06 0 0 0 0 0 0 1.53846e+06 
5.36162e+06 2.31824e+06 2.25593e+06 0 0 0 2.31824e+06 5.92412e+06 1.67709e+06 0 0 0 2.25593e+06 1.67709e+06 3.79108e+06 0 0 0 0 0 0 0 0 0 0 0 0 0 762070 0 0 0 0 0 0 1.54628e+06 
2.83803e+07 1.23394e+07 1.05062e+07 4.91684e+06 6.302e+06 1.15806e+06 1.23394e+07 1.95581e+07 5.29614e+06 0 0 0 1.05062e+07 5.29614e+06 1.97865e+07 6.39805e+06 1.56441e+06 0 4.91684e+06 0 6.39805e+06 1.23751e+07 0 9.28715e+06 6.302e+06 0 1.56441e+06 0 1.0006e+07 429129 1.15806e+06 0 0 9.28715e+06 429129 8.7768e+06 
7.98905e+07 2.14538e+07 1.5831e+06 0 0 1.36104e+07 2.14538e+07 6.29351e+07 1.7484e+07 1.04551e+07 1.05191e+07 0 1.5831e+06 1.7484e+07 4.80571e+07 9.0483e+06 2.25896e+07 0 0 1.04551e+07 9.0483e+06 2.81187e+06 5.16921e+06 0 0 1.05191e+07 2.25896e+07 5.16921e+06 1.68047e+07 0 1.36104e+07 0 0 0 0 1.19744e+07 
5.88367e+07 6.44471e+06 3.4398e+07 3.21332e+07 4.87344e+07 0 6.44471e+06 1.58844e+07 4.69712e+06 1.07457e+07 0 1.63072e+07 3.4398e+07 4.69712e+06 4.09641e+07 1.01135e+07 3.57932e+07 0 3.21332e+07 1.07457e+07 1.01135e+07 8.28803e+06 1.48868e+07 1.24874e+07 4.87344e+07 0 3.57932e+07 1.48868e+07 4.12712e+07 0 0 1.63072e+07 0 1.24874e+07 0 4.19605e+06 
5.38462e+06 2.30769e+06 2.30769e+06 0 0 0 2.30769e+06 5.38462e+06 2.30769e+06 0 0 0 2.30769e+06 2.30769e+06 5.38462e+06 0 0 0 0 0 0 1.53846e+06 0 0 0 0 0 0 1.53846e+06 0 0 0 0 0 0 1.53846e+06 
3.2761e+07 0 0 3.83599e+06 1.30283e+07 9.40724e+06 0 7.28591e+06 0 422982 0 0 0 0 7.31717e+06 884738 0 162929 3.83598e+06 422892 884828 4.63506e+06 787997 1.05719e+06 1.30283e+07 0 0 787997 5.91427e+06 2.99297e+06 9.40724e+06 0 162935 1.05719e+06 2.99297e+06 3.66931e+06 
5.38462e+06 2.30769e+06 2.30769e+06 0 0 0 2.30769e+06 5.38462e+06 2.30769e+06 0 0 0 2.30769e+06 2.30769e+06 5.38462e+06 0 0 0 0 0 0 1.53846e+06 0 0 0 0 0 0 1.53846e+06 0 0 0 0 0 0 1.53846e+06 
5.38462e+06 2.30769e+06 2.30769e+06 0 0 0 2.30769e+06 5.38462e+06 2.30769e+06 0 0 0 2.30769e+06 2.30769e+06 5.38462e+06 0 0 0 0 0 0 1.53846e+06 0 0 0 0 0 0 1.53846e+06 0 0 0 0 0 0 1.53846e+06 
1.78331e+07 2.09232e+06 4.82945e+06 0 0 360478 2.09232e+06 9.41582e+06 1.33485e+06 531071 0 0 4.82945e+06 1.33485e+06 8.29039e+06 404266 4.40554e+06 722324 0 531071 404266 1.52868e+06 3.16389e+06 0 0 0 4.40554e+06 3.16389e+06 8.70366e+06 0 360478 0 722324 0 0 1.5963e+06 
4.99917e+07 4.06678e+07 1.40082e+07 6.88457e+06 0 0 4.06678e+07 3.65631e+07 1.67457e+07 191184 0 0 1.40082e+07 1.67457e+07 6.17427e+07 0 1.32854e+06 0 6.88457e+06 191184 0 1.43963e+07 926206 2.97552e+06 0 0 1.32854e+06 926206 9.15171e+06 2.64162e+06 0 0 0 2.97552e+06 2.64162e+06 2.59434e+06 
3.36372e+06 0 3.25993e+06 0 0 1.49568e+06 0 1.08351e+07 4.39546e+06 0 3.77786e+06 0 3.25993e+06 4.39546e+06 6.76386e+06 0 2.53205e+06 0 0 0 0 2.7422e+06 0 0 0 3.77786e+06 2.53205e+06 0 4.15082e+06 0 1.49568e+06 0 0 0 0 2.09559e+06 
3.81305e+07 1.94784e+07 1.92383e+07 314922 0 3.3478e+06 1.94784e+07 3.11345e+07 5.13575e+06 3.3989e+06 0 5.26472e+06 1.92383e+07 5.13575e+06 3.20639e+07 0 0 4.31839e+06 314922 3.3989e+06 0 1.00523e+07 1.58516e+06 6.09617e+06 0 0 0 1.58516e+06 1.27199e+07 0 3.3478e+06 5.26472e+06 4.31839e+06 6.09617e+06 0 4.60053e+06 
1.72827e+07 2.80499e+06 5.11947e+06 0 44296.2 13562.9 2.80499e+06 1.96473e+07 5.28913e+06 475901 0 0 5.11947e+06 5.28913e+06 9.2855e+06 137372 26877.9 0 0 475901 137372 1.8457e+06 92743.1 1.93928e+06 44296.2 0 26877.9 92743.1 1.86558e+06 41001.2 13562.9 0 0 1.93928e+06 41001.2 2.05276e+06 
4.44673e+07 7.10421e+06 2.26784e+07 7.6857e+06 4.13975e+06 1.78141e+06 7.10421e+06 4.05475e+07 7.75792e+06 0 0 0 2.26784e+07 7.75792e+06 1.83254e+07 0 4.44032e+06 1.89065e+06 7.6857e+06 0 0 9.50274e+06 2.29846e+06 2.02725e+06 4.13975e+06 0 4.44032e+06 2.29846e+06 3.56101e+06 953561 1.78141e+06 0 1.89065e+06 2.02725e+06 953561 2.00816e+06 
7.70272e+07 1.04569e+07 1.7167e+07 2.7188e+07 1.14462e+07 0 1.04569e+07 2.78579e+07 1.22592e+07 0 0 0 1.7167e+07 1.22591e+07 3.33398e+07 2.79525e+06 0 1.69304e+06 2.7188e+07 0 2.7951e+06 3.09656e+07 0 0 1.14462e+07 0 0 0 5.64977e+06 0 0 0 1.69304e+06 0 0 120657 
5.38462e+06 2.30769e+06 2.30769e+06 0 0 0 2.30769e+06 5.38462e+06 2.30769e+06 0 0 0 2.30769e+06 2.30769e+06 5.38462e+06 0 0 0 0 0 0 1.53846e+06 0 0 0 0 0 0 1.53846e+06 0 0 0 0 0 0 1.53846e+06 
1.85208e+07 3.45614e+06 1.14166e+07 395320 0 0 3.45614e+06 1.20029e+07 3.06155e+06 0 0 0 1.14166e+07 3.06168e+06 8.0574e+06 784571 1.08252e+06 0 395320 0 784571 3.31609e+06 0 426114 0 0 1.08253e+06 0 1.2946e+07 8.27091e+06 0 0 0 426095 8.27092e+06 6.10044e+06 
5.38462e+06 2.30769e+06 2.30769e+06 0 0 0 2.30769e+06 5.38462e+06 2.30769e+06 0 0 0 2.30769e+06 2.30769e+06 5.38462e+06 0 0 0 0 0 0 1.53846e+06 0 0 0 0 0 0 1.53846e+06 0 0 0 0 0 0 1.53846e+06 
5.38462e+06 2.30769e+06 2.30769e+06 0 0 0 2.30769e+06 5.38462e+06 2.30769e+06 0 0 0 2.30769e+06 2.30769e+06 5.38462e+06 0 0 0 0 0 0 1.53846e+06 0 0 0 0 0 0 1.53846e+06 0 0 0 0 0 0 1.53846e+06 
5.38462e+06 2.30769e+06 2.30769e+06 0 0 0 2.30769e+06 5.38462e+06 2.30769e+06 0 0 0 2.30769e+06 2.30769e+06 5.38462e+06 0 0 0 0 0 0 1.53846e+06 0 0 0 0 0 0 1.53846e+06 0 0 0 0 0 0 1.53846e+06 
4.68821e+07 3.76857e+07 2.81114e+07 82398.7 1.21839e+06 2.92449e+06 3.76857e+07 5.02834e+07 1.65596e+07 236147 4.42093e+06 0 2.81114e+07 1.65596e+07 3.56454e+07 0 36726.8 144323 82398.7 236147 0 1.85748e+07 4.85307e+06 0 1.21839e+06 4.42093e+06 36726.8 4.85307e+06 2.05784e+06 0 2.92449e+06 0 144323 0 0 1.56715e+06 
5.16847e+06 281258 261659 0 0 8239.22 281258 8.35695e+06 6.26667e+06 1.29506e+06 757943 0 261659 6.26667e+06 1.1417e+07 0 0 0 0 1.29506e+06 0 897136 113688 0 0 757943 0 113688 2.38623e+06 1.21717e+06 8239.02 0 0 0 1.21715e+06 656753 
5.38462e+06 2.30769e+06 2.30769e+06 0 0 0 2.30769e+06 5.38462e+06 2.30769e+06 0 0 0 2.30769e+06 2.30769e+06 5.38462e+06 0 0 0 0 0 0 1.53846e+06 0 0 0 0 0 0 1.53846e+06 0 0 0 0 0 0 1.53846e+06 
2.7802e+06 1.96752e+06 2.30769e+06 0 0 0 1.96752e+06 4.03358e+06 2.30769e+06 0 0 0 2.30769e+06 2.30769e+06 5.38462e+06 0 0 0 0 0 0 1.884e+06 0 0 0 0 0 0 1.66792e+06 0 0 0 0 0 0 0 
0 0 0 0 6.55879e+06 0 0 6.88262e+06 1.15581e+07 4.11336e+06 0 1.44499e+07 0 1.15581e+07 1.98417e+07 7.48116e+06 0 8.55816e+06 0 4.11336e+06 7.48116e+06 2.97163e+06 5.40037e+06 0 6.55879e+06 0 0 5.40037e+06 1.93315e+06 0 0 1.44499e+07 8.55816e+06 0 0 0 
5.38462e+06 2.30769e+06 2.30769e+06 0 0 0 2.30769e+06 5.38462e+06 2.30769e+06 0 0 0 2.30769e+06 2.30769e+06 5.38462e+06 0 0 0 0 0 0 1.53846e+06 0 0 0 0 0 0 1.53846e+06 0 0 0 0 0 0 1.53846e+06 
2.60657e+07 0 1.60689e+06 5.30436e+06 0 4.0314e+06 0 5.13346e+06 0 1.40456e+06 0 0 1.60689e+06 0 5.40124e+06 2.51869e+06 0 2.27504e+06 5.30436e+06 1.40456e+06 2.51869e+06 6.99925e+06 0 0 0 0 0 0 2.29572e+07 0 4.0314e+06 0 2.27504e+06 0 0 1.99189e+06 
7.05508e+06 0 1.3054e+06 347496 294218 732917 0 4.69545e+06 4.26306e+06 0 0 0 1.3054e+06 4.26306e+06 9.0665e+06 1.41488e+06 446325 0 347496 0 1.41488e+06 2.25252e+06 841983 400815 294218 0 446325 841983 1.20623e+06 0 732917 0 0 400815 0 1.52829e+06 
5.38462e+06 2.30769e+06 2.30769e+06 0 0 0 2.30769e+06 5.38462e+06 2.30769e+06 0 0 0 2.30769e+06 2.30769e+06 5.38462e+06 0 0 0 0 0 0 1.53846e+06 0 0 0 0 0 0 1.53846e+06 0 0 0 0 0 0 1.53846e+06 
1.3949e+07 6.48373e+06 4.65401e+06 399862 4.32663e+06 1.7723e+06 6.48373e+06 1.03053e+07 2.26634e+06 0 0 0 4.65401e+06 2.26634e+06 1.04899e+07 3.22862e+06 0 0 399862 0 3.22862e+06 7.00609e+06 0 2.50913e+06 4.32663e+06 0 0 0 8.73322e+06 3.46655e+06 1.7723e+06 0 0 2.50913e+06 3.46655e+06 2.44787e+06 
5.38462e+06 2.30769e+06 2.30769e+06 0 0 0 2.30769e+06 5.38462e+06 2.30769e+06 0 0 0 2.30769e+06 2.30769e+06 5.38462e+06 0 0 0 0 0 0 1.53846e+06 0 0 0 0 0 0 1.53846e+06 0 0 0 0 0 0 1.53846e+06 
1.95952e+07 1.96587e+07 3.53348e+07 0 0 0 1.96587e+07 6.28284e+07 3.27119e+07 0 0 0 3.53348e+07 3.27119e+07 6.3891e+07 0 0 0 0 0 0 1.62482e+07 0 0 0 0 0 0 1.51319e+07 0 0 0 0 0 0 1.78763e+07 
1.12595e+07 4.29606e+06 6.36072e+06 855390 1.98919e+06 270795 4.29606e+06 2.05596e+06 2.76188e+06 597350 0 0 6.36072e+06 2.76188e+06 1.49549e+07 0 4.05292e+06 286290 855390 597350 0 1.9282e+06 1.10379e+06 582691 1.98919e+06 0 4.05292e+06 1.10379e+06 4.73645e+06 474681 270795 0 286290 582691 474681 1.61476e+06 
1.29501e+07 0 0 8.43713e+06 5.92642e+06 0 0 4.63222e+06 0 0 197749 7.14802e+06 0 0 279838 2.63941e+06 2.97622e+06 8.45811e+06 8.43713e+06 0 2.63941e+06 2.67108e+06 2.90062e+06 6.42606e+06 5.92642e+06 197749 2.97622e+06 2.90062e+06 1.47982e+06 0 0 7.14802e+06 8.45811e+06 6.42606e+06 0 0 
6.73109e+06 2.89948e+06 3.08318e+06 27237.3 293198 178184 2.89948e+06 5.8703e+06 2.38081e+06 204534 129590 28009.7 3.08318e+06 2.38081e+06 6.17567e+06 620462 442212 140470 27237.3 204534 620462 2.05919e+06 0 0 293198 129590 442212 0 3.19969e+06 1.34286e+06 178184 28009.7 140470 0 1.34286e+06 565384 
2.82701e+07 1.36308e+07 1.52579e+07 1.04487e+07 0 0 1.36308e+07 2.75661e+07 6.66742e+06 0 0 0 1.52579e+07 6.66742e+06 2.72111e+07 0 0 0 1.04487e+07 0 0 6.84865e+06 0 0 0 0 0 0 5.45815e+06 2.35837e+06 0 0 0 0 2.35837e+06 1.23654e+07 
5.38462e+06 2.30769e+06 2.30769e+06 0 0 0 2.30769e+06 5.38462e+06 2.30769e+06 0 0 0 2.30769e+06 2.30769e+06 5.38462e+06 0 0 0 0 0 0 1.53846e+06 0 0 0 0 0 0 1.53846e+06 0 0 0 0 0 0 1.53846e+06 
5.38462e+06 2.30769e+06 2.30769e+06 0 0 0 2.30769e+06 5.38462e+06 2.30769e+06 0 0 0 2.30769e+06 2.30769e+06 5.38462e+06 0 0 0 0 0 0 1.53846e+06 0 0 0 0 0 0 1.53846e+06 0 0 0 0 0 0 1.53846e+06 
5.38462e+06 2.30769e+06 2.30769e+06 0 0 0 2.30769e+06 5.38462e+06 2.30769e+06 0 0 0 2.30769e+06 2.30769e+06 5.38462e+06 0 0 0 0 0 0 1.53846e+06 0 0 0 0 0 0 1.53846e+06 0 0 0 0 0 0 1.53846e+06 
5.38462e+06 2.30769e+06 2.30769e+06 0 0 0 2.30769e+06 5.38462e+06 2.30769e+06 0 0 0 2.30769e+06 2.30769e+06 5.38462e+06 0 0 0 0 0 0 1.53846e+06 0 0 0 0 0 0 1.53846e+06 0 0 0 0 0 0 1.53846e+06 
5.38462e+06 2.30769e+06 2.30769e+06 0 0 0 2.30769e+06 5.38462e+06 2.30769e+06 0 0 0 2.30769e+06 2.30769e+06 5.38462e+06 0 0 0 0 0 0 1.53846e+06 0 0 0 0 0 0 1.53846e+06 0 0 0 0 0 0 1.53846e+06 
5.76942e+07 2.87728e+07 2.8699e+07 0 0 0 2.87728e+07 5.02891e+07 4.39815e+07 0 0 0 2.8699e+07 4.39815e+07 4.98597e+07 0 0 0 0 0 0 1.99118e+06 0 0 0 0 0 0 0 0 0 0 0 0 0 3.91146e+06 
3.44547e+07 3.05408e+06 0 3.33282e+06 953750 0 3.05408e+06 7.1408e+06 9.05749e+06 2.00697e+06 2.38292e+06 0 0 9.05749e+06 1.99793e+07 4.40101e+06 0 957289 3.33282e+06 2.00697e+06 4.40101e+06 2.00125e+07 0 6.31335e+06 953750 2.38292e+06 0 0 1.9449e+06 0 0 0 957289 6.31335e+06 0 1.85071e+07 
5.38462e+06 2.30769e+06 2.30769e+06 0 0 0 2.30769e+06 5.38462e+06 2.30769e+06 0 0 0 2.30769e+06 2.30769e+06 5.38462e+06 0 0 0 0 0 0 1.53846e+06 0 0 0 0 0 0 1.53846e+06 0 0 0 0 0 0 1.53846e+06 
4.96692e+07 2.51943e+07 1.85303e+07 9.27562e+06 1.17532e+07 4.85619e+06 2.51943e+07 1.70831e+07 1.18827e+07 0 1.25086e+06 590430 1.85303e+07 1.18827e+07 5.44525e+07 1.0133e+07 428296 995504 9.27562e+06 0 1.0133e+07 1.48067e+07 4.15831e+06 658333 1.17532e+07 1.25086e+06 428296 4.15831e+06 1.07738e+07 453905 4.85619e+06 590430 995504 658333 453905 1.32078e+07 
5.38462e+06 2.30769e+06 2.30769e+06 0 0 0 2.30769e+06 5.38462e+06 2.30769e+06 0 0 0 2.30769e+06 2.30769e+06 5.38462e+06 0 0 0 0 0 0 1.53846e+06 0 0 0 0 0 0 1.53846e+06 0 0 0 0 0 0 1.53846e+06 
5.38462e+06 2.30769e+06 2.30769e+06 0 0 0 2.30769e+06 5.38462e+06 2.30769e+06 0 0 0 2.30769e+06 2.30769e+06 5.38462e+06 0 0 0 0 0 0 1.53846e+06 0 0 0 0 0 0 1.53846e+06 0 0 0 0 0 0 1.53846e+06 
1.30796e+07 6.93967e+06 7.66096e+06 393935 0 366129 6.93967e+06 1.24843e+07 4.15874e+06 413662 3.4823e+06 0 7.66096e+06 4.15874e+06 8.13838e+06 0 0 2.10384e+06 393935 413662 0 96793.5 53684.2 185693 0 3.4823e+06 0 53684.2 6.81576e+06 0 366129 0 2.10384e+06 185693 0 2.38158e+06 
6.21535e+07 1.65009e+07 1.31384e+07 0 0 0 1.65009e+07 4.66233e+07 2.97607e+07 1.00361e+07 8.0667e+06 4.09453e+06 1.31384e+07 2.97607e+07 6.72857e+07 1.01686e+07 6.30315e+07 1.46003e+07 0 1.00361e+07 1.01686e+07 2.23638e+07 5.71751e+06 4.07283e+06 0 8.0667e+06 6.30315e+07 5.71751e+06 7.87806e+07 1.99326e+07 0 4.09453e+06 1.46003e+07 4.07283e+06 1.99326e+07 6.70036e+06 
5.09198e+06 1.23249e+06 3.21494e+06 2.70861e+06 1.07184e+06 0 1.23249e+06 5.10783e+06 2.09453e+06 0 0 0 3.21494e+06 2.09453e+06 5.02521e+06 928857 646601 0 2.70861e+06 0 928857 1.9814e+06 1.38841e+06 0 1.07184e+06 0 646601 1.38841e+06 2.2406e+06 0 0 0 0 0 0 1.31182e+06 
5.38462e+06 2.30769e+06 2.30769e+06 0 0 0 2.30769e+06 5.38462e+06 2.30769e+06 0 0 0 2.30769e+06 2.30769e+06 5.38462e+06 0 0 0 0 0 0 1.53846e+06 0 0 0 0 0 0 1.53846e+06 0 0 0 0 0 0 1.53846e+06 
1.64471e+07 4.49787e+06 9.52461e+06 0 0 907906 4.49787e+06 1.37636e+07 0 0 0 0 9.52461e+06 0 6.37361e+06 665234 0 0 0 0 665234 3.56639e+06 0 0 0 0 0 0 2.02078e+06 814609 907906 0 0 0 814609 2.11566e+06 
5.38462e+06 2.30769e+06 2.30769e+06 0 0 0 2.30769e+06 5.38462e+06 2.30769e+06 0 0 0 2.30769e+06 2.30769e+06 5.38462e+06 0 0 0 0 0 0 1.53846e+06 0 0 0 0 0 0 1.53846e+06 0 0 0 0 0 0 1.53846e+06 
5.38462e+06 2.30769e+06 2.30769e+06 0 0 0 2.30769e+06 5.38462e+06 2.30769e+06 0 0 0 2.30769e+06 2.30769e+06 5.38462e+06 0 0 0 0 0 0 1.53846e+06 0 0 0 0 0 0 1.53846e+06 0 0 0 0 0 0 1.53846e+06 
2.31584e+06 0 0 1.81503e+06 4.32395e+07 0 0 0 3.39074e+07 1.8138e+07 875507 5.49938e+06 0 3.39074e+07 7.54269e+07 1.7191e+07 0 0 1.81503e+06 1.8138e+07 1.7191e+07 6.31691e+06 2.78566e+06 4.341e+06 4.32395e+07 875507 0 2.78566e+06 5.3222e+07 0 0 5.49938e+06 0 4.341e+06 0 1.98025e+07 
5.38462e+06 2.30769e+06 2.30769e+06 0 0 0 2.30769e+06 5.38462e+06 2.30769e+06 0 0 0 2.30769e+06 2.30769e+06 5.38462e+06 0 0 0 0 0 0 1.53846e+06 0 0 0 0 0 0 1.53846e+06 0 0 0 0 0 0 1.53846e+06 
5.38462e+06 2.30769e+06 2.30769e+06 0 0 0 2.30769e+06 5.38462e+06 2.30769e+06 0 0 0 2.30769e+06 2.30769e+06 5.38462e+06 0 0 0 0 0 0 1.53846e+06 0 0 0 0 0 0 1.53846e+06 0 0 0 0 0 0 1.53846e+06 
8.28406e+06 1.7813e+06 3.69531e+06 0 1.18712e+06 28855.9 1.7813e+06 1.19813e+07 2.74103e+06 679698 0 3.41788e+06 3.69531e+06 2.74103e+06 4.73058e+06 151913 843673 0 0 679698 151913 1.02288e+06 0 1.60184e+06 1.18712e+06 0 843673 0 5.43946e+06 0 28855.9 3.41788e+06 0 1.60184e+06 0 3.15468e+06 
5.38462e+06 2.30769e+06 2.30769e+06 0 0 0 2.30769e+06 5.38462e+06 2.30769e+06 0 0 0 2.30769e+06 2.30769e+06 5.38462e+06 0 0 0 0 0 0 1.53846e+06 0 0 0 0 0 0 1.53846e+06 0 0 0 0 0 0 1.53846e+06 
5.38462e+06 2.30769e+06 2.30769e+06 0 0 0 2.30769e+06 5.38462e+06 2.30769e+06 0 0 0 2.30769e+06 2.30769e+06 5.38462e+06 0 0 0 0 0 0 1.53846e+06 0 0 0 0 0 0 1.53846e+06 0 0 0 0 0 0 1.53846e+06 
5.91127e+07 1.02583e+07 1.61408e+07 5.01083e+06 0 0 1.02583e+07 3.30712e+07 6.24295e+06 1.44828e+06 0 4.36704e+06 1.61408e+07 6.24295e+06 3.47616e+07 1.11566e+06 0 3.54458e+06 5.01083e+06 1.44828e+06 1.11566e+06 1.26725e+07 7.6638e+06 6.02899e+06 0 0 0 7.6638e+06 1.18587e+07 0 0 4.36704e+06 3.54458e+06 6.02899e+06 0 5.83516e+06 
5.38462e+06 2.30769e+06 2.30769e+06 0 0 0 2.30769e+06 5.38462e+06 2.30769e+06 0 0 0 2.30769e+06 2.30769e+06 5.38462e+06 0 0 0 0 0 0 1.53846e+06 0 0 0 0 0 0 1.53846e+06 0 0 0 0 0 0 1.53846e+06 
5.38462e+06 2.30769e+06 2.30769e+06 0 0 0 2.30769e+06 5.38462e+06 2.30769e+06 0 0 0 2.30769e+06 2.30769e+06 5.38462e+06 0 0 0 0 0 0 1.53846e+06 0 0 0 0 0 0 1.53846e+06 0 0 0 0 0 0 1.53846e+06 
7.04583e+06 3.78153e+06 1.76959e+06 0 2.93794e+06 0 3.78153e+06 1.35494e+07 3.00348e+06 3.4228e+06 3.55489e+06 0 1.76959e+06 3.00348e+06 4.60892e+06 0 0 0 0 3.4228e+06 0 1.8545e+06 0 0 2.93794e+06 3.55489e+06 0 0 3.64426e+06 0 0 0 0 0 0 1.14997e+07 
2.25001e+07 0 7.82866e+06 0 4.07372e+06 3.32755e+06 0 7.5789e+06 7.08577e+06 0 0 0 7.82866e+06 7.08577e+06 1.88588e+07 488067 0 6.28326e+06 0 0 488067 8.96981e+06 5.07872e+06 0 4.07372e+06 0 0 5.07872e+06 3.92483e+06 0 3.32755e+06 0 6.28326e+06 0 0 1.39146e+07 
5.38462e+06 2.30769e+06 2.30769e+06 0 0 0 2.30769e+06 5.38462e+06 2.30769e+06 0 0 0 2.30769e+06 2.30769e+06 5.38462e+06 0 0 0 0 0 0 1.53846e+06 0 0 0 0 0 0 1.53846e+06 0 0 0 0 0 0 1.53846e+06 
3.17913e+06 2.00761e+06 1.69714e+06 867057 0 0 2.00761e+06 1.90233e+07 7.83738e+06 133338 0 0 1.69714e+06 7.83738e+06 6.65963e+06 0 0 0 867057 133338 0 275439 0 0 0 0 0 0 1.31841e+07 1.22674e+07 0 0 0 0 1.22674e+07 1.5879e+07 
2.07227e+07 8.01909e+06 5.58842e+06 0 0 0 8.01909e+06 1.63175e+07 3.93531e+06 4.20772e+06 0 0 5.58842e+06 3.93531e+06 1.16297e+07 4.17622e+06 2.12141e+06 5.99138e+06 0 4.20772e+06 4.17622e+06 4.19297e+06 0 3.64515e+06 0 0 2.12141e+06 0 1.94527e+06 1.27315e+06 0 0 5.99138e+06 3.64515e+06 1.27315e+06 5.49031e+06 
2.09664e+07 3.63513e+07 2.90906e+07 0 0 0 3.63513e+07 8.66583e+07 3.50654e+07 0 1.14266e+07 0 2.90906e+07 3.50654e+07 6.3158e+07 0 0 0 0 0 0 3.38449e+07 896411 0 0 1.14267e+07 0 896411 9.86523e+06 0 0 0 0 0 0 5.69065e+07 
7.87048e+07 2.52098e+07 0 2.42432e+06 0 3.26994e+07 2.521e+07 2.60595e+07 9.84551e+06 353683 0 9.98269e+06 0 9.84537e+06 7.09689e+07 0 1.92536e+07 0 2.42441e+06 353275 0 197319 1.07452e+06 1.29345e+06 0 0 1.92536e+07 1.07453e+06 1.50212e+07 0 3.26994e+07 9.9827e+06 0 1.29343e+06 0 3.49406e+07 
5.38462e+06 2.30769e+06 2.30769e+06 0 0 0 2.30769e+06 5.38462e+06 2.30769e+06 0 0 0 2.30769e+06 2.30769e+06 5.38462e+06 0 0 0 0 0 0 1.53846e+06 0 0 0 0 0 0 1.53846e+06 0 0 0 0 0 0 1.53846e+06 
5.38462e+06 2.30769e+06 2.30769e+06 0 0 0 2.30769e+06 5.38462e+06 2.30769e+06 0 0 0 2.30769e+06 2.30769e+06 5.38462e+06 0 0 0 0 0 0 1.53846e+06 0 0 0 0 0 0 1.53846e+06 0 0 0 0 0 0 1.53846e+06 
5.38462e+06 2.30769e+06 2.30769e+06 0 0 0 2.30769e+06 5.38462e+06 2.30769e+06 0 0 0 2.30769e+06 2.30769e+06 5.38462e+06 0 0 0 0 0 0 1.53846e+06 0 0 0 0 0 0 1.53846e+06 0 0 0 0 0 0 1.53846e+06 
5.38462e+06 2.30769e+06 2.30769e+06 0 0 0 2.30769e+06 5.38462e+06 2.30769e+06 0 0 0 2.30769e+06 2.30769e+06 5.38462e+06 0 0 0 0 0 0 1.53846e+06 0 0 0 0 0 0 1.53846e+06 0 0 0 0 0 0 1.53846e+06 
5.38462e+06 2.30769e+06 2.30769e+06 0 0 0 2.30769e+06 5.38462e+06 2.30769e+06 0 0 0 2.30769e+06 2.30769e+06 5.38462e+06 0 0 0 0 0 0 1.53846e+06 0 0 0 0 0 0 1.53846e+06 0 0 0 0 0 0 1.53846e+06 
9.28662e+07 3.04002e+06 1.02744e+06 0 9.1644e+06 0 3.04002e+06 7.73152e+07 3.03728e+07 7.69029e+06 0 0 1.02744e+06 3.03728e+07 3.53041e+07 1.00034e+07 0 0 0 7.69029e+06 1.00034e+07 2.24943e+07 0 0 9.1644e+06 0 0 0 2.13928e+07 0 0 0 0 0 0 1.34037e+07 
5.29432e+06 5.38914e+06 5.2962e+06 0 0 0 5.38914e+06 8.28879e+06 2.98138e+06 0 16841.6 0 5.2962e+06 2.98138e+06 7.37491e+06 102922 0 0 0 0 102922 2.03815e+06 32006.6 158055 0 16841.6 0 32006.6 1.53403e+06 0 0 0 0 158055 0 1.43063e+06 
2.81603e+07 3.22564e+06 538019 0 0 0 3.22564e+06 8.69155e+06 1.47686e+06 0 0 0 538019 1.47686e+06 8.39595e+06 0 0 4.38938e+06 0 0 0 1.30882e+06 2.17757e+06 738094 0 0 0 2.17757e+06 4.22719e+06 2.39352e+06 0 0 4.38938e+06 738094 2.39352e+06 5.02991e+06 
2.09504e+06 1.25259e+06 1.05957e+06 0 1.04011e+06 1.33883e+06 1.25259e+06 1.45696e+07 7.80862e+06 0 609797 0 1.05957e+06 7.80862e+06 7.35265e+06 0 273533 0 0 0 0 1.45682e+06 129494 0 1.04011e+06 609797 273533 129494 1.597e+06 0 1.33883e+06 0 0 0 0 1.37275e+06 
4.98739e+07 9.92021e+06 1.1784e+07 0 2.83349e+07 0 9.92021e+06 6.79326e+06 9.07066e+06 0 0 0 1.1784e+07 9.07066e+06 2.21167e+07 4.07962e+06 5.35072e+06 0 0 0 4.07962e+06 3.42605e+07 0 0 2.83349e+07 0 5.35072e+06 0 2.71838e+07 0 0 0 0 0 0 1.62369e+07 
2.95806e+07 0 1.0745e+08 0 8.53757e+07 0 0 8.95543e+06 3.43331e+07 1.72433e+07 9.61299e+06 0 1.0745e+08 3.43331e+07 1.17869e+08 1.57648e+07 1.0858e+08 0 0 1.72433e+07 1.57648e+07 2.21547e+07 4.72023e+06 0 8.53757e+07 9.61299e+06 1.0858e+08 4.72023e+06 6.30415e+07 0 0 0 0 0 0 8.89621e+07 
9.0977e+06 2.54954e+06 1.88631e+06 95164.9 4.09293e+06 4.79735e+06 2.54954e+06 8.69392e+06 4.62122e+06 246721 611404 0 1.88631e+06 4.62122e+06 7.42662e+06 69548.5 0 145868 95164.9 246721 69548.5 2.68343e+06 327999 895692 4.09293e+06 611404 0 327999 2.30982e+06 1.6451e+06 4.79735e+06 0 145868 895692 1.6451e+06 4.59663e+06 
7.57555e+07 7.50046e+06 3.9247e+07 2.20182e+06 0 0 7.50046e+06 1.74292e+07 2.62628e+06 2.9281e+06 0 0 3.9247e+07 2.62628e+06 5.60633e+07 0 0 91727.2 2.20182e+06 2.9281e+06 0 528753 0 0 0 0 0 0 2.72498e+06 11646.6 0 0 91727.2 0 11646.6 1.55111e+06 
7.46936e+07 2.23385e+07 7.53992e+06 0 0 1.19744e+07 2.23385e+07 6.78814e+07 3.34422e+06 2.06491e+06 0 6.74931e+06 7.53992e+06 3.34422e+06 1.31685e+07 1.12888e+06 0 0 0 2.06491e+06 1.12888e+06 165957 0 0 0 0 0 0 1.54528e+07 0 1.19744e+07 6.74931e+06 0 0 0 8.13184e+06 
5.38462e+06 2.30769e+06 2.30769e+06 0 0 0 2.30769e+06 5.38462e+06 2.30769e+06 0 0 0 2.30769e+06 2.30769e+06 5.38462e+06 0 0 0 0 0 0 1.53846e+06 0 0 0 0 0 0 1.53846e+06 0 0 0 0 0 0 1.53846e+06 
5.38462e+06 2.30769e+06 2.30769e+06 0 0 0 2.30769e+06 5.38462e+06 2.30769e+06 0 0 0 2.30769e+06 2.30769e+06 5.38462e+06 0 0 0 0 0 0 1.53846e+06 0 0 0 0 0 0 1.53846e+06 0 0 0 0 0 0 1.53846e+06 
5.29291e+06 2.31408e+06 2.31291e+06 0 0 0 2.31408e+06 4.67978e+06 2.27958e+06 0 0 0 2.31291e+06 2.27958e+06 5.29743e+06 0 0 0 0 0 0 0 0 0 0 0 0 0 167853 0 0 0 0 0 0 1.18029e+06 
4.62386e+07 2.74623e+07 1.49275e+07 0 3.09197e+06 1.12603e+06 2.74623e+07 1.74194e+07 7.73041e+06 1.07133e+06 0 0 1.49275e+07 7.73041e+06 4.64579e+07 0 2.96781e+06 4.71926e+06 0 1.07133e+06 0 8.15672e+06 0 0 3.09197e+06 0 2.96781e+06 0 3.78382e+06 983850 1.12603e+06 0 4.71926e+06 0 983850 2.07686e+06 
5.38462e+06 2.30769e+06 2.30769e+06 0 0 0 2.30769e+06 5.38462e+06 2.30769e+06 0 0 0 2.30769e+06 2.30769e+06 5.38462e+06 0 0 0 0 0 0 1.53846e+06 0 0 0 0 0 0 1.53846e+06 0 0 0 0 0 0 1.53846e+06 
5.38462e+06 2.30769e+06 2.30769e+06 0 0 0 2.30769e+06 5.38462e+06 2.30769e+06 0 0 0 2.30769e+06 2.30769e+06 5.38462e+06 0 0 0 0 0 0 1.53846e+06 0 0 0 0 0 0 1.53846e+06 0 0 0 0 0 0 1.53846e+06 
5.38462e+06 2.30769e+06 2.30769e+06 0 0 0 2.30769e+06 5.38462e+06 2.30769e+06 0 0 0 2.30769e+06 2.30769e+06 5.38462e+06 0 0 0 0 0 0 1.53846e+06 0 0 0 0 0 0 1.53846e+06 0 0 0 0 0 0 1.53846e+06 
2.4991e+07 0 1.18916e+07 0 9.27793e+06 0 0 1.18031e+07 2.57105e+06 553346 0 0 1.18916e+07 2.57105e+06 1.49694e+07 0 0 0 0 553346 0 1.81901e+06 0 0 9.27793e+06 0 0 0 1.06481e+07 0 0 0 0 0 0 1.70185e+07 
1.79969e+07 27383.5 8.26314e+06 0 0 0 27383.5 2.81022e+06 1.11041e+06 791117 120572 0 8.26314e+06 1.11041e+06 1.50696e+07 0 0 725605 0 791117 0 232404 0 0 0 120572 0 0 2.96119e+06 967017 0 0 725605 0 967017 2.61563e+06 
5.38462e+06 2.30769e+06 2.30769e+06 0 0 0 2.30769e+06 5.38462e+06 2.30769e+06 0 0 0 2.30769e+06 2.30769e+06 5.38462e+06 0 0 0 0 0 0 1.53846e+06 0 0 0 0 0 0 1.53846e+06 0 0 0 0 0 0 1.53846e+06 
7.99292e+07 1.05035e+07 0 29958.5 1.67766e+07 0 1.05035e+07 2.98174e+07 1.45394e+07 297189 0 113561 0 1.45394e+07 5.49274e+07 37798.9 23192 1.56414e+07 29958.5 297189 37798.9 1.39403e+07 0 7.32882e+06 1.67766e+07 0 23192 0 7.85126e+06 1580.7 0 113561 1.56414e+07 7.32882e+06 1580.7 9.03947e+06 
5.38462e+06 2.30769e+06 2.30769e+06 0 0 0 2.30769e+06 5.38462e+06 2.30769e+06 0 0 0 2.30769e+06 2.30769e+06 5.38462e+06 0 0 0 0 0 0 1.53846e+06 0 0 0 0 0 0 1.53846e+06 0 0 0 0 0 0 1.53846e+06 
2.8218e+07 0 0 0 1.05089e+07 0 0 8.7686e+06 128678 605910 0 1.80829e+06 0 123221 8.31453e+06 0 0 390263 0 594995 0 44270.9 0 202705 1.05089e+07 0 0 0 5.99936e+06 0 0 1.80846e+06 390263 202705 0 2.38389e+06 
1.73692e+06 2.23757e+06 3.05684e+06 1.11237e+06 2.54756e+06 0 2.23757e+06 1.12693e+06 9.66282e+06 0 6.9379e+06 0 3.05684e+06 9.66282e+06 2.57197e+07 0 0 2.01727e+07 1.11237e+06 0 0 2.24806e+06 333419 0 2.54756e+06 6.9379e+06 0 333419 2.60756e+06 839832 0 0 2.01727e+07 0 839832 0 
2.44482e+07 2.76321e+07 3.29555e+07 0 0 0 2.76321e+07 6.84316e+07 2.30313e+07 0 0 0 3.29555e+07 2.30313e+07 6.41897e+07 0 0 2.34716e+06 0 0 0 3.07339e+07 0 0 0 0 0 0 8.35504e+06 0 0 0 2.34716e+06 0 0 8.11182e+06 
6.36843e+07 1.15801e+07 3.18584e+07 0 1.13164e+07 5.24899e+06 1.15801e+07 3.28904e+07 1.96969e+07 1.8715e+06 7.42204e+06 0 3.18585e+07 1.96969e+07 7.22973e+07 0 0 0 0 1.8715e+06 0 143979 0 0 1.13164e+07 7.42204e+06 0 0 3.42518e+07 7.5298e+06 5.24899e+06 0 0 0 7.5298e+06 3.55704e+06 
9.58027e+06 2.13502e+06 903391 0 0 5.07201e+06 2.13502e+06 146094 1.66215e+06 638756 0 0 903391 1.66215e+06 3.4527e+06 1.77985e+06 340795 6.7471e+06 0 638756 1.77985e+06 7.40364e+06 4.6126e+06 0 0 0 340795 4.6126e+06 1.00874e+06 0 5.07201e+06 0 6.7471e+06 0 0 5.27706e+06 
1.34811e+07 4.47683e+06 1.23585e+07 4.01763e+06 0 0 4.47683e+06 3.7534e+06 6.3441e+06 5.01578e+06 1.22024e+06 1.50465e+06 1.23585e+07 6.3441e+06 2.70461e+07 4.74126e+06 0 0 4.01763e+06 5.01578e+06 4.74126e+06 8.70782e+06 0 0 0 1.22024e+06 0 0 5.50045e+06 6.46499e+06 0 1.50465e+06 0 0 6.46499e+06 1.25928e+07 
1.19483e+07 0 0 537875 1.57538e+06 0 0 284940 0 668692 44775.2 779785 0 0 4.26118e+06 762190 0 27351.1 537875 668692 762190 2.49063e+06 265236 0 1.57538e+06 44775.2 0 265236 819748 0 0 779785 27351.1 0 0 6.57394e+06 
4.26966e+07 1.4567e+07 1.80588e+07 0 0 4.04831e+06 1.4567e+07 5.8071e+07 2.69832e+07 3.10272e+06 0 2.23564e+07 1.80588e+07 2.69832e+07 5.60972e+07 1.7777e+06 9.1219e+06 0 0 3.10272e+06 1.7777e+06 1.49613e+06 0 7.29853e+06 0 0 9.1219e+06 0 2.26643e+07 0 4.04831e+06 2.23564e+07 0 7.29853e+06 0 4.10328e+07 
5.38462e+06 2.30769e+06 2.30769e+06 0 0 0 2.30769e+06 5.38462e+06 2.30769e+06 0 0 0 2.30769e+06 2.30769e+06 5.38462e+06 0 0 0 0 0 0 1.53846e+06 0 0 0 0 0 0 1.53846e+06 0 0 0 0 0 0 1.53846e+06 
5.38166e+07 2.03624e+07 2.51411e+07 0 0 0 2.03624e+07 3.47221e+07 5.23335e+06 2.56562e+06 0 0 2.51411e+07 5.23335e+06 4.21522e+07 0 0 2.66052e+06 0 2.56562e+06 0 250020 0 0 0 0 0 0 4.55282e+06 1.16007e+06 0 0 2.66052e+06 0 1.16007e+06 2.12544e+06 
3.73481e+06 3.83933e+06 3.19361e+06 0 0 4.39982e+06 3.83933e+06 6.70399e+06 4.03732e+06 0 0 3.9681e+06 3.19361e+06 4.03732e+06 8.82973e+06 0 0 3.46601e+06 0 0 0 1.81412e+06 0 340047 0 0 0 0 1.90083e+06 622214 4.39982e+06 3.9681e+06 3.46601e+06 340047 622214 5.56587e+06 
5.38462e+06 2.30769e+06 2.30769e+06 0 0 0 2.30769e+06 5.38462e+06 2.30769e+06 0 0 0 2.30769e+06 2.30769e+06 5.38462e+06 0 0 0 0 0 0 1.53846e+06 0 0 0 0 0 0 1.53846e+06 0 0 0 0 0 0 1.53846e+06 
5.38462e+06 2.30769e+06 2.30769e+06 0 0 0 2.30769e+06 5.38462e+06 2.30769e+06 0 0 0 2.30769e+06 2.30769e+06 5.38462e+06 0 0 0 0 0 0 1.53846e+06 0 0 0 0 0 0 1.53846e+06 0 0 0 0 0 0 1.53846e+06 
5.38462e+06 2.30769e+06 2.30769e+06 0 0 0 2.30769e+06 5.38462e+06 2.30769e+06 0 0 0 2.30769e+06 2.30769e+06 5.38462e+06 0 0 0 0 0 0 1.53846e+06 0 0 0 0 0 0 1.53846e+06 0 0 0 0 0 0 1.53846e+06 
8.89318e+06 4.10422e+06 5.11067e+06 0 0 1.86195e+06 4.10422e+06 8.3444e+06 384962 48566.9 41540.1 79655.3 5.11067e+06 384962 8.38026e+06 53390 0 434404 0 48566.9 53390 4.39146e+06 437541 186135 0 41540.1 0 437541 43932.2 0 1.86195e+06 79655.3 434404 186135 0 2.04275e+06 
4.06515e+06 4.91257e+06 0 0 0 0 4.91257e+06 8.77954e+06 2.92005e+06 0 0 0 0 2.92005e+06 2.99932e+06 0 0 0 0 0 0 1.31679e+06 0 0 0 0 0 0 1.64372e+06 0 0 0 0 0 0 1.4301e+06 
1.28038e+07 8.45699e+06 2.65844e+06 2.50143e+06 95240.4 43080.6 8.45699e+06 6.21833e+06 0 459413 29534.9 0 2.65844e+06 0 1.85602e+07 0 0 427008 2.50143e+06 459413 0 3.86495e+06 2275.05 0 95240.4 29534.9 0 2275.05 1.54732e+06 0 43080.6 0 427008 0 0 1.54761e+06 
3.81783e+06 3.27545e+06 491291 829749 0 0 3.27545e+06 8.47109e+06 5.88134e+06 0 0 0 491291 5.88134e+06 8.21206e+06 1.7364e+06 1.02784e+06 0 829749 0 1.7364e+06 2.65041e+06 0 0 0 0 1.02784e+06 0 1.67866e+06 0 0 0 0 0 0 1.42875e+06 
5.98163e+07 1.62313e+07 1.95433e+07 0 6.87395e+06 0 1.62313e+07 5.41391e+07 2.26406e+07 7.00985e+06 1.20656e+07 0 1.95433e+07 2.26406e+07 5.47493e+07 1.23419e+07 1.01927e+07 3.84942e+06 0 7.00985e+06 1.23419e+07 1.13094e+07 0 0 6.87395e+06 1.20656e+07 1.01927e+07 0 4.1207e+06 0 0 0 3.84942e+06 0 0 1.92108e+07 
5.38462e+06 2.30769e+06 2.30769e+06 0 0 0 2.30769e+06 5.38462e+06 2.30769e+06 0 0 0 2.30769e+06 2.30769e+06 5.38462e+06 0 0 0 0 0 0 1.53846e+06 0 0 0 0 0 0 1.53846e+06 0 0 0 0 0 0 1.53846e+06 
2.6301e+07 1.56323e+07 1.54968e+07 0 0 2.2551e+06 1.56323e+07 2.41214e+07 1.4508e+07 5.21996e+06 5.17087e+06 2.13241e+06 1.54968e+07 1.4508e+07 3.97868e+07 4.44508e+06 1.49252e+07 5.00594e+06 0 5.21996e+06 4.44508e+06 1.29241e+07 2.6488e+06 1.84733e+06 0 5.17087e+06 1.49252e+07 2.6488e+06 1.3581e+07 2.72411e+06 2.2551e+06 2.13241e+06 5.00594e+06 1.84733e+06 2.72411e+06 2.50317e+06 
5.38462e+06 2.30769e+06 2.30769e+06 0 0 0 2.30769e+06 5.38462e+06 2.30769e+06 0 0 0 2.30769e+06 2.30769e+06 5.38462e+06 0 0 0 0 0 0 1.53846e+06 0 0 0 0 0 0 1.53846e+06 0 0 0 0 0 0 1.53846e+06 
2.14271e+07 3.74385e+06 1.12941e+07 0 0 0 3.74385e+06 3.88973e+07 3.2696e+07 0 0 0 1.12941e+07 3.2696e+07 4.54532e+07 0 0 0 0 0 0 0 0 0 0 0 0 0 1.79351e+07 0 0 0 0 0 0 1.75656e+07 
7.37346e+07 0 0 2.29621e+07 3.19608e+07 0 0 2.8371e+07 1.38778e+07 3.91777e+06 8.18226e+06 0 0 1.38778e+07 4.12206e+07 3.70596e+06 0 1.38468e+07 2.29621e+07 3.91777e+06 3.70596e+06 9.93403e+06 5.65022e+06 0 3.19608e+07 8.18226e+06 0 5.65022e+06 2.93801e+07 0 0 0 1.38468e+07 0 0 6.77547e+07 
5.38462e+06 2.30769e+06 2.30769e+06 0 0 0 2.30769e+06 5.38462e+06 2.30769e+06 0 0 0 2.30769e+06 2.30769e+06 5.38462e+06 0 0 0 0 0 0 1.53846e+06 0 0 0 0 0 0 1.53846e+06 0 0 0 0 0 0 1.53846e+06 
5.38462e+06 2.30769e+06 2.30769e+06 0 0 0 2.30769e+06 5.38462e+06 2.30769e+06 0 0 0 2.30769e+06 2.30769e+06 5.38462e+06 0 0 0 0 0 0 1.53846e+06 0 0 0 0 0 0 1.53846e+06 0 0 0 0 0 0 1.53846e+06 
1.64441e+07 8.48968e+06 9.31207e+06 0 0 0 8.48968e+06 2.03003e+07 1.24167e+07 1.5495e+06 0 3.03342e+06 9.31207e+06 1.24167e+07 1.97924e+07 3.40073e+06 0 5.74178e+06 0 1.55083e+06 3.40073e+06 9.51402e+06 0 346845 0 0 0 0 2.32752e+06 0 0 3.03351e+06 5.74169e+06 347178 0 2.38486e+06 
5.38496e+07 2.98582e+07 1.72146e+07 0 1.50056e+06 0 2.98582e+07 4.33368e+07 9.31914e+06 0 1.18042e+06 0 1.72146e+07 9.31914e+06 3.59531e+07 2.05346e+06 1.2409e+06 0 0 0 2.05346e+06 2.29506e+07 1.01045e+06 759062 1.50056e+06 1.18042e+06 1.2409e+06 1.01045e+06 348263 717765 0 0 0 759062 717765 1.96563e+06 
5.6469e+06 1.87542e+06 2.05121e+06 0 0 763219 1.87542e+06 6.00304e+06 2.61201e+06 1.74543e+06 0 1.09833e+06 2.05121e+06 2.61201e+06 6.56413e+06 0 0 710264 0 1.74543e+06 0 696673 0 0 0 0 0 0 1.0362e+06 136410 763219 1.09833e+06 710264 0 136410 1.49449e+06 
5.38462e+06 2.30769e+06 2.30769e+06 0 0 0 2.30769e+06 5.38462e+06 2.30769e+06 0 0 0 2.30769e+06 2.30769e+06 5.38462e+06 0 0 0 0 0 0 1.53846e+06 0 0 0 0 0 0 1.53846e+06 0 0 0 0 0 0 1.53846e+06 
7.04791e+06 3.04592e+06 2.88761e+06 87930.3 1.59198e+06 0 3.04592e+06 6.53519e+06 1.94852e+06 0 0 768315 2.88761e+06 1.94852e+06 3.15887e+06 1.33101e+06 0 842932 87930.3 0 1.33101e+06 2.30014e+06 0 693593 1.59198e+06 0 0 0 1.37078e+06 644575 0 768315 842932 693593 644575 1.70373e+06 
5.38462e+06 2.30769e+06 2.30769e+06 0 0 0 2.30769e+06 5.38462e+06 2.30769e+06 0 0 0 2.30769e+06 2.30769e+06 5.38462e+06 0 0 0 0 0 0 1.53846e+06 0 0 0 0 0 0 1.53846e+06 0 0 0 0 0 0 1.53846e+06 
5.38462e+06 2.30769e+06 2.30769e+06 0 0 0 2.30769e+06 5.38462e+06 2.30769e+06 0 0 0 2.30769e+06 2.30769e+06 5.38462e+06 0 0 0 0 0 0 1.53846e+06 0 0 0 0 0 0 1.53846e+06 0 0 0 0 0 0 1.53846e+06 
4.66994e+07 1.93506e+07 2.00326e+07 0 104777 0 1.93506e+07 3.32759e+07 0 0 0 0 2.00326e+07 0 2.83074e+07 0 0 0 0 0 0 7.57789e+06 0 0 104777 0 0 0 2.1678e+06 0 0 0 0 0 0 2.56172e+06 
5.4677e+06 2.08232e+06 2.31185e+06 0 0 0 2.08232e+06 4.57203e+06 1.99601e+06 0 0 0 2.31185e+06 1.99601e+06 5.65709e+06 0 0 0 0 0 0 1.76109e+06 0 0 0 0 0 0 0 0 0 0 0 0 0 1.59465e+06 
4.01597e+06 2.45279e+06 3.17627e+06 0 0 0 2.45279e+06 5.53117e+06 2.65681e+06 0 0 0 3.17627e+06 2.65681e+06 5.23958e+06 0 0 0 0 0 0 893526 0 0 0 0 0 0 2.26733e+06 0 0 0 0 0 0 0 
2.28454e+06 1.37588e+06 3.14671e+06 0 0 170419 1.37588e+06 5.00812e+06 2.91219e+06 258235 299899 162957 3.14671e+06 2.91219e+06 4.67673e+06 0 16379.5 0 0 258235 0 1.02727e+06 51776.3 186137 0 299899 16379.5 51776.3 1.00931e+06 27700.2 170419 162957 0 186137 27700.2 685268 
6.2159e+06 1.95533e+06 4.04852e+06 0 1.60243e+06 0 1.95533e+06 6.64326e+06 1.7616e+06 1.04753e+06 26316.5 585505 4.04852e+06 1.7616e+06 4.99218e+06 368982 0 0 0 1.04753e+06 368982 1.08199e+06 0 0 1.60243e+06 26316.5 0 0 940296 0 0 585505 0 0 0 666979 
5.38462e+06 2.30769e+06 2.30769e+06 0 0 0 2.30769e+06 5.38462e+06 2.30769e+06 0 0 0 2.30769e+06 2.30769e+06 5.38462e+06 0 0 0 0 0 0 1.53846e+06 0 0 0 0 0 0 1.53846e+06 0 0 0 0 0 0 1.53846e+06 
5.5157e+07 2.80493e+07 2.75108e+07 0 0 9739.72 2.80493e+07 4.42515e+07 1.00405e+07 37458.2 0 0 2.75108e+07 1.00405e+07 1.9573e+07 2.20338e+06 0 0 0 37458.2 2.20338e+06 2.06664e+07 152138 45178.1 0 0 0 152138 1.02224e+07 0 9739.72 0 0 45178.1 0 122.318 
1.65202e+07 8.14014e+06 7.38375e+06 1.26583e+06 164686 309412 8.14014e+06 8.2558e+06 2.01528e+06 748019 429715 0 7.38375e+06 2.01528e+06 1.45573e+07 0 0 0 1.26583e+06 748019 0 435998 0 735555 164686 429715 0 0 1.66023e+06 87430.2 309412 0 0 735555 87430.2 1.63813e+06 
5.38462e+06 2.30769e+06 2.30769e+06 0 0 0 2.30769e+06 5.38462e+06 2.30769e+06 0 0 0 2.30769e+06 2.30769e+06 5.38462e+06 0 0 0 0 0 0 1.53846e+06 0 0 0 0 0 0 1.53846e+06 0 0 0 0 0 0 1.53846e+06 
4.98075e+06 2.10579e+06 3.5276e+06 1.61327e+06 1.4698e+06 0 2.10579e+06 6.21034e+06 2.96166e+06 0 0 0 3.5276e+06 2.96166e+06 4.69229e+06 1.21394e+06 0 1.20635e+06 1.61327e+06 0 1.21394e+06 1.57769e+06 0 187001 1.4698e+06 0 0 0 2.38109e+06 724255 0 0 1.20635e+06 187001 724255 2.19605e+06 
5.38462e+06 2.30769e+06 2.30769e+06 0 0 0 2.30769e+06 5.38462e+06 2.30769e+06 0 0 0 2.30769e+06 2.30769e+06 5.38462e+06 0 0 0 0 0 0 1.53846e+06 0 0 0 0 0 0 1.53846e+06 0 0 0 0 0 0 1.53846e+06 
7.91819e+06 4.29876e+06 0 1.37098e+06 0 1.64703e+06 4.29949e+06 1.03593e+07 0 0 93094.8 2.84673e+06 0 0 1.24447e+07 0 0 3.67071e+06 1.37098e+06 0 0 4.42499e+06 669864 0 0 93094.8 0 669864 1.08374e+06 0 1.64703e+06 2.84646e+06 3.67071e+06 0 0 1.90295e+06 
5.38462e+06 2.30769e+06 2.30769e+06 0 0 0 2.30769e+06 5.38462e+06 2.30769e+06 0 0 0 2.30769e+06 2.30769e+06 5.38462e+06 0 0 0 0 0 0 1.53846e+06 0 0 0 0 0 0 1.53846e+06 0 0 0 0 0 0 1.53846e+06 
0 8.57964e+06 0 0 1.47616e+06 0 8.57964e+06 9.12774e+06 3.61607e+06 0 3.76714e+06 1.47745e+06 0 3.61607e+06 105229 0 0 0 0 0 0 1.352e+06 0 3.17118e+06 1.47616e+06 3.76714e+06 0 0 3.19672e+06 3.42044e+06 0 1.47745e+06 0 3.17118e+06 3.42044e+06 789861 
5.38462e+06 2.30769e+06 2.30769e+06 0 0 0 2.30769e+06 5.38462e+06 2.30769e+06 0 0 0 2.30769e+06 2.30769e+06 5.38462e+06 0 0 0 0 0 0 1.53846e+06 0 0 0 0 0 0 1.53846e+06 0 0 0 0 0 0 1.53846e+06 
3.56376e+06 0 6.01163e+06 0 0 0 0 712629 2.61935e+06 5.17938e+06 2.64979e+06 3.01659e+06 6.01163e+06 2.61935e+06 1.235e+07 4.35879e+06 0 0 0 5.17938e+06 4.35879e+06 1.00177e+06 0 0 0 2.64979e+06 0 0 3.05755e+06 1.43299e+06 0 3.01659e+06 0 0 1.43299e+06 0 
5.38462e+06 2.30769e+06 2.30769e+06 0 0 0 2.30769e+06 5.38462e+06 2.30769e+06 0 0 0 2.30769e+06 2.30769e+06 5.38462e+06 0 0 0 0 0 0 1.53846e+06 0 0 0 0 0 0 1.53846e+06 0 0 0 0 0 0 1.53846e+06 
5.38462e+06 2.30769e+06 2.30769e+06 0 0 0 2.30769e+06 5.38462e+06 2.30769e+06 0 0 0 2.30769e+06 2.30769e+06 5.38462e+06 0 0 0 0 0 0 1.53846e+06 0 0 0 0 0 0 1.53846e+06 0 0 0 0 0 0 1.53846e+06 
2.75714e+07 1.11457e+07 9.16049e+06 1.16671e+06 2.02785e+06 838087 1.11457e+07 1.69119e+07 1.86468e+06 0 0 0 9.16049e+06 1.86468e+06 1.3085e+07 962118 824001 0 1.16671e+06 0 962118 5.33311e+06 0 0 2.02785e+06 0 824001 0 2.134e+06 261341 838087 0 0 0 261341 62327.7 
1.02379e+07 6.33248e+06 3.59066e+06 0 269658 0 6.33248e+06 9.81554e+06 1.67435e+06 636218 0 23389.9 3.59066e+06 1.67435e+06 3.45074e+06 811166 301523 0 0 636218 811166 2.8294e+06 0 1.06665e+06 269658 0 301523 0 1.92849e+06 0 0 23389.9 0 1.06665e+06 0 470121 
5.38462e+06 2.30769e+06 2.30769e+06 0 0 0 2.30769e+06 5.38462e+06 2.30769e+06 0 0 0 2.30769e+06 2.30769e+06 5.38462e+06 0 0 0 0 0 0 1.53846e+06 0 0 0 0 0 0 1.53846e+06 0 0 0 0 0 0 1.53846e+06 
5.38462e+06 2.30769e+06 2.30769e+06 0 0 0 2.30769e+06 5.38462e+06 2.30769e+06 0 0 0 2.30769e+06 2.30769e+06 5.38462e+06 0 0 0 0 0 0 1.53846e+06 0 0 0 0 0 0 1.53846e+06 0 0 0 0 0 0 1.53846e+06 
5.64715e+06 3.48373e+06 1.67608e+06 0 0 877549 3.48373e+06 5.76638e+06 2.93424e+06 0 1.15326e+06 0 1.67608e+06 2.93424e+06 4.85032e+06 2.45596e+06 0 1.79177e+06 0 0 2.45596e+06 2.75812e+06 0 1.51801e+06 0 1.15326e+06 0 0 1.23938e+06 0 877549 0 1.79177e+06 1.51801e+06 0 1.54379e+06 
2.15685e+06 2.89912e+06 2.91328e+06 0 0 0 2.89912e+06 6.17666e+06 1.65438e+06 0 0 0 2.91328e+06 1.65438e+06 6.17833e+06 0 0 0 0 0 0 2.9891e+06 0 0 0 0 0 0 2.11185e+06 0 0 0 0 0 0 1.70945e+06 
5.38462e+06 2.30769e+06 2.30769e+06 0 0 0 2.30769e+06 5.38462e+06 2.30769e+06 0 0 0 2.30769e+06 2.30769e+06 5.38462e+06 0 0 0 0 0 0 1.53846e+06 0 0 0 0 0 0 1.53846e+06 0 0 0 0 0 0 1.53846e+06 
1.33065e+07 751294 9.05719e+06 0 7.84885e+06 0 751294 3.51362e+06 1.5533e+06 0 1.04709e+06 0 9.05719e+06 1.5533e+06 1.03755e+07 57051.2 1.02892e+06 891217 0 0 57051.2 2.96413e+06 1.78629e+06 0 7.84885e+06 1.04709e+06 1.02892e+06 1.78629e+06 1.15509e+07 0 0 0 891217 0 0 2.46038e+06 
1.75752e+07 0 8.81617e+06 1.51879e+06 72.2506 0 0 9.6539e+06 1.33758e+06 795.108 0 668260 8.81617e+06 1.33758e+06 4.85348e+06 0 52.0755 85.3318 1.51879e+06 795.108 0 2.59982e+06 399332 410.666 72.2506 0 52.0755 399332 3.65642e+06 0 0 668260 85.3318 410.666 0 1.39987e+06 
1.43493e+07 2.10156e+06 3.08101e+06 0 3.15728e+06 0 2.10156e+06 8.19963e+06 2.5639e+06 745912 0 3.18411e+06 3.08101e+06 2.5639e+06 6.23302e+06 961254 0 0 0 745912 961254 3.60656e+06 0 2.5648e+06 3.15729e+06 0 0 0 3.38184e+06 0 0 3.18411e+06 0 2.5648e+06 0 4.64817e+06 
5.38462e+06 2.30769e+06 2.30769e+06 0 0 0 2.30769e+06 5.38462e+06 2.30769e+06 0 0 0 2.30769e+06 2.30769e+06 5.38462e+06 0 0 0 0 0 0 1.53846e+06 0 0 0 0 0 0 1.53846e+06 0 0 0 0 0 0 1.53846e+06 
5.38462e+06 2.30769e+06 2.30769e+06 0 0 0 2.30769e+06 5.38462e+06 2.30769e+06 0 0 0 2.30769e+06 2.30769e+06 5.38462e+06 0 0 0 0 0 0 1.53846e+06 0 0 0 0 0 0 1.53846e+06 0 0 0 0 0 0 1.53846e+06 
2.25083e+07 3.15685e+07 3.60467e+07 0 0 0 3.15685e+07 7.86971e+07 3.11004e+07 7.96046e+06 0 0 3.60467e+07 3.11004e+07 7.369e+07 2.34703e+06 0 0 0 7.96046e+06 2.34703e+06 1.21461e+07 0 3.27928e+06 0 0 0 0 1.19832e+07 0 0 0 0 3.27928e+06 0 1.24519e+07 
