1404
1404
0 0 0.00217168401618833
0 12 0.00108584200809417
0 1206 0.00108584200809417
0 1341 0.00108584200809417
1 1 0.00217168401618833
1 13 0.00108584200809417
1 1207 0.00108584200809417
1 1342 0.00108584200809417
2 2 0.00217168401618833
2 14 0.00108584200809417
2 1208 0.00108584200809417
2 1343 0.00108584200809417
3 3 0.00760093946847833
3 27 0.00380046973423917
3 1173 0.00217170672209792
3 1206 0.00162876301214125
3 1344 0.00380046973423917
4 4 0.00760093946847833
4 28 0.00380046973423917
4 1174 0.00217170672209792
4 1207 0.00162876301214125
4 1345 0.00380046973423917
5 5 0.00760093946847833
5 29 0.00380046973423917
5 1175 0.00217170672209792
5 1208 0.00162876301214125
5 1346 0.00380046973423917
6 6 0.00983302120415833
6 18 0.00491651060207917
6 1170 0.00217168401618833
6 1203 0.00372456387850208
6 1224 0.00119194672357708
6 1227 0.00274482658589083
7 7 0.00983302120415833
7 19 0.00491651060207917
7 1171 0.00217168401618833
7 1204 0.00372456387850208
7 1225 0.00119194672357708
7 1228 0.00274482658589083
8 8 0.00983302120415833
8 20 0.00491651060207917
8 1172 0.00217168401618833
8 1205 0.00372456387850208
8 1226 0.00119194672357708
8 1229 0.00274482658589083
9 9 0.440540060633998
9 15 0.0734233434389996
9 21 0.079025714343345
9 24 0.05425755309205
9 30 0.079025714343345
9 36 0.05425755309205
9 66 0.05425755309205
9 69 0.16277265927615
9 1305 0.0259475000682517
9 1308 0.0507156613195467
9 1347 0.00678170972130208
9 1350 0.0203451291639062
10 10 0.440540060633998
10 16 0.0734233434389996
10 22 0.079025714343345
10 25 0.05425755309205
10 31 0.079025714343345
10 37 0.05425755309205
10 67 0.05425755309205
10 70 0.16277265927615
10 1306 0.0259475000682517
10 1309 0.0507156613195467
10 1348 0.00678170972130208
10 1351 0.0203451291639062
11 11 0.440540060633998
11 17 0.0734233434389996
11 23 0.079025714343345
11 26 0.05425755309205
11 32 0.079025714343345
11 38 0.05425755309205
11 68 0.05425755309205
11 71 0.16277265927615
11 1307 0.0259475000682517
11 1310 0.0507156613195467
11 1349 0.00678170972130208
11 1352 0.0203451291639062
12 0 0.00108584200809417
12 12 0.0470999365483287
12 27 0.00834375513650124
12 1206 0.00597213104451791
12 1305 0.00740537900520896
12 1341 0.00672912916479333
12 1344 0.0224641262660702
12 1347 0.00847708397286979
12 1350 0.0101724582244375
13 1 0.00108584200809417
13 13 0.0470999365483287
13 28 0.00834375513650124
13 1207 0.00597213104451791
13 1306 0.00740537900520896
13 1342 0.00672912916479333
13 1345 0.0224641262660702
13 1348 0.00847708397286979
13 1351 0.0101724582244375
14 2 0.00108584200809417
14 14 0.0470999365483287
14 29 0.00834375513650124
14 1208 0.00597213104451791
14 1307 0.00740537900520896
14 1343 0.00672912916479333
14 1346 0.0224641262660702
14 1349 0.00847708397286979
14 1352 0.0101724582244375
15 9 0.0734233434389996
15 15 0.146846686877999
15 30 0.0395128571716725
15 36 0.027128776546025
15 69 0.05425755309205
15 1308 0.0191657903469496
15 1350 0.00678170972130208
16 10 0.0734233434389996
16 16 0.146846686877999
16 31 0.0395128571716725
16 37 0.027128776546025
16 70 0.05425755309205
16 1309 0.0191657903469496
16 1351 0.00678170972130208
17 11 0.0734233434389996
17 17 0.146846686877999
17 32 0.0395128571716725
17 38 0.027128776546025
17 71 0.05425755309205
17 1310 0.0191657903469496
17 1352 0.00678170972130208
18 6 0.00491651060207917
18 18 0.251107625520015
18 21 0.0494595063961042
18 30 0.05690382343975
18 33 0.0443544612161075
18 63 0.00982821049079999
18 99 0.0148886340872917
18 1170 0.00802900287729667
18 1197 0.0549263849198491
18 1203 0.0287456482188313
18 1224 0.00668464248724291
18 1227 0.0137271755213383
18 1305 0.0274495993709883
18 1308 0.0567478386523434
19 7 0.00491651060207917
19 19 0.251107625520015
19 22 0.0494595063961042
19 31 0.05690382343975
19 34 0.0443544612161075
19 64 0.00982821049079999
19 100 0.0148886340872917
19 1171 0.00802900287729667
19 1198 0.0549263849198491
19 1204 0.0287456482188313
19 1225 0.00668464248724291
19 1228 0.0137271755213383
19 1306 0.0274495993709883
19 1309 0.0567478386523434
20 8 0.00491651060207917
20 20 0.251107625520015
20 23 0.0494595063961042
20 32 0.05690382343975
20 35 0.0443544612161075
20 65 0.00982821049079999
20 101 0.0148886340872917
20 1172 0.00802900287729667
20 1199 0.0549263849198491
20 1205 0.0287456482188313
20 1226 0.00668464248724291
20 1229 0.0137271755213383
20 1307 0.0274495993709883
20 1310 0.0567478386523434
21 9 0.079025714343345
21 18 0.0494595063961042
21 21 0.681323904857711
21 30 0.112632953811006
21 45 0.0595591016643333
21 48 0.0148897754160833
21 66 0.071798102794275
21 69 0.0840371039242167
21 75 0.0893386524965
21 78 0.0446681849194583
21 81 0.0595591016643333
21 90 0.04466932624825
21 99 0.0707244359010104
21 105 0.0893386524965
21 1197 0.0409437437400521
21 1245 0.0334994266964062
21 1305 0.0259473582582308
21 1308 0.0518947165164617
22 10 0.079025714343345
22 19 0.0494595063961042
22 22 0.681323904857711
22 31 0.112632953811006
22 46 0.0595591016643333
22 49 0.0148897754160833
22 67 0.071798102794275
22 70 0.0840371039242167
22 76 0.0893386524965
22 79 0.0446681849194583
22 82 0.0595591016643333
22 91 0.04466932624825
22 100 0.0707244359010104
22 106 0.0893386524965
22 1198 0.0409437437400521
22 1246 0.0334994266964062
22 1306 0.0259473582582308
22 1309 0.0518947165164617
23 11 0.079025714343345
23 20 0.0494595063961042
23 23 0.681323904857711
23 32 0.112632953811006
23 47 0.0595591016643333
23 50 0.0148897754160833
23 68 0.071798102794275
23 71 0.0840371039242167
23 77 0.0893386524965
23 80 0.0446681849194583
23 83 0.0595591016643333
23 92 0.04466932624825
23 101 0.0707244359010104
23 107 0.0893386524965
23 1199 0.0409437437400521
23 1247 0.0334994266964062
23 1307 0.0259473582582308
23 1310 0.0518947165164617
24 9 0.05425755309205
24 24 0.1085151061841
24 36 0.027128776546025
24 66 0.027128776546025
24 69 0.05425755309205
25 10 0.05425755309205
25 25 0.1085151061841
25 37 0.027128776546025
25 67 0.027128776546025
25 70 0.05425755309205
26 11 0.05425755309205
26 26 0.1085151061841
26 38 0.027128776546025
26 68 0.027128776546025
26 71 0.05425755309205
27 3 0.00380046973423917
27 12 0.00834375513650124
27 27 0.0427849196666787
27 1173 0.00802908682404583
27 1206 0.00488628903642375
27 1308 0.00924823496259896
27 1344 0.0213924598333394
27 1350 0.00847708397286979
28 4 0.00380046973423917
28 13 0.00834375513650124
28 28 0.0427849196666787
28 1174 0.00802908682404583
28 1207 0.00488628903642375
28 1309 0.00924823496259896
28 1345 0.0213924598333394
28 1351 0.00847708397286979
29 5 0.00380046973423917
29 14 0.00834375513650124
29 29 0.0427849196666787
29 1175 0.00802908682404583
29 1208 0.00488628903642375
29 1310 0.00924823496259896
29 1346 0.0213924598333394
29 1352 0.00847708397286979
30 9 0.079025714343345
30 15 0.0395128571716725
30 18 0.05690382343975
30 21 0.112632953811006
30 30 0.376084079492398
30 33 0.0358962287635208
30 69 0.0691473285081333
30 75 0.0297795508321667
30 78 0.0223340924597292
30 1197 0.044665902261875
30 1245 0.0223329511309375
30 1308 0.0518947165164617
31 10 0.079025714343345
31 16 0.0395128571716725
31 19 0.05690382343975
31 22 0.112632953811006
31 31 0.376084079492398
31 34 0.0358962287635208
31 70 0.0691473285081333
31 76 0.0297795508321667
31 79 0.0223340924597292
31 1198 0.044665902261875
31 1246 0.0223329511309375
31 1309 0.0518947165164617
32 11 0.079025714343345
32 17 0.0395128571716725
32 20 0.05690382343975
32 23 0.112632953811006
32 32 0.376084079492398
32 35 0.0358962287635208
32 71 0.0691473285081333
32 77 0.0297795508321667
32 80 0.0223340924597292
32 1199 0.044665902261875
32 1247 0.0223329511309375
32 1310 0.0518947165164617
33 18 0.0443544612161075
33 30 0.0358962287635208
33 33 0.143574924016859
33 72 0.00491651060207917
33 111 0.00610605196897708
33 1173 0.00802900287729667
33 1197 0.0363155923107346
33 1203 0.0207166453415346
33 1227 0.0137271755213383
33 1245 0.0111664755654687
33 1308 0.0274495993709883
33 1380 0.00668464248724291
34 19 0.0443544612161075
34 31 0.0358962287635208
34 34 0.143574924016859
34 73 0.00491651060207917
34 112 0.00610605196897708
34 1174 0.00802900287729667
34 1198 0.0363155923107346
34 1204 0.0207166453415346
34 1228 0.0137271755213383
34 1246 0.0111664755654687
34 1309 0.0274495993709883
34 1381 0.00668464248724291
35 20 0.0443544612161075
35 32 0.0358962287635208
35 35 0.143574924016859
35 74 0.00491651060207917
35 113 0.00610605196897708
35 1175 0.00802900287729667
35 1199 0.0363155923107346
35 1205 0.0207166453415346
35 1229 0.0137271755213383
35 1247 0.0111664755654687
35 1310 0.0274495993709883
35 1382 0.00668464248724291
36 9 0.05425755309205
36 15 0.027128776546025
36 24 0.027128776546025
36 36 0.1085151061841
36 69 0.05425755309205
37 10 0.05425755309205
37 16 0.027128776546025
37 25 0.027128776546025
37 37 0.1085151061841
37 70 0.05425755309205
38 11 0.05425755309205
38 17 0.027128776546025
38 26 0.027128776546025
38 38 0.1085151061841
38 71 0.05425755309205
39 39 0.13279510980208
39 42 0.0221325183003467
39 45 0.03319877745052
39 48 0.0110662591501733
39 51 0.0221325183003467
39 54 0.0221325183003467
39 81 0.03319877745052
39 90 0.0553312957508666
40 40 0.13279510980208
40 43 0.0221325183003467
40 46 0.03319877745052
40 49 0.0110662591501733
40 52 0.0221325183003467
40 55 0.0221325183003467
40 82 0.03319877745052
40 91 0.0553312957508666
41 41 0.13279510980208
41 44 0.0221325183003467
41 47 0.03319877745052
41 50 0.0110662591501733
41 53 0.0221325183003467
41 56 0.0221325183003467
41 83 0.03319877745052
41 92 0.0553312957508666
42 39 0.0221325183003467
42 42 0.0442650366006933
42 45 0.0110662591501733
42 54 0.0110662591501733
42 90 0.0221325183003467
43 40 0.0221325183003467
43 43 0.0442650366006933
43 46 0.0110662591501733
43 55 0.0110662591501733
43 91 0.0221325183003467
44 41 0.0221325183003467
44 44 0.0442650366006933
44 47 0.0110662591501733
44 56 0.0110662591501733
44 92 0.0221325183003467
45 21 0.0595591016643333
45 39 0.03319877745052
45 42 0.0110662591501733
45 45 0.185515758229707
45 48 0.0259560345662567
45 66 0.0148897754160833
45 81 0.0519120691325133
45 90 0.0519120691325133
45 105 0.0297795508321667
46 22 0.0595591016643333
46 40 0.03319877745052
46 43 0.0110662591501733
46 46 0.185515758229707
46 49 0.0259560345662567
46 67 0.0148897754160833
46 82 0.0519120691325133
46 91 0.0519120691325133
46 106 0.0297795508321667
47 23 0.0595591016643333
47 41 0.03319877745052
47 44 0.0110662591501733
47 47 0.185515758229707
47 50 0.0259560345662567
47 68 0.0148897754160833
47 83 0.0519120691325133
47 92 0.0519120691325133
47 107 0.0297795508321667
48 21 0.0148897754160833
48 39 0.0110662591501733
48 45 0.0259560345662567
48 48 0.0519120691325133
48 81 0.0259560345662567
49 22 0.0148897754160833
49 40 0.0110662591501733
49 46 0.0259560345662567
49 49 0.0519120691325133
49 82 0.0259560345662567
50 23 0.0148897754160833
50 41 0.0110662591501733
50 47 0.0259560345662567
50 50 0.0519120691325133
50 83 0.0259560345662567
51 39 0.0221325183003467
51 51 0.191308521599653
51 54 0.03557350665
51 81 0.03557350665
51 90 0.0466397658001733
51 183 0.03676087124974
51 186 0.0612681187495667
51 189 0.0122536237499133
51 195 0.03676087124974
52 40 0.0221325183003467
52 52 0.191308521599653
52 55 0.03557350665
52 82 0.03557350665
52 91 0.0466397658001733
52 184 0.03676087124974
52 187 0.0612681187495667
52 190 0.0122536237499133
52 196 0.03676087124974
53 41 0.0221325183003467
53 53 0.191308521599653
53 56 0.03557350665
53 83 0.03557350665
53 92 0.0466397658001733
53 185 0.03676087124974
53 188 0.0612681187495667
53 191 0.0122536237499133
53 197 0.03676087124974
54 39 0.0221325183003467
54 42 0.0110662591501733
54 51 0.03557350665
54 54 0.174414939140207
54 84 0.01352256792331
54 87 0.020283851884965
54 90 0.041147426011915
54 186 0.0515523833464467
54 192 0.02704513584662
54 195 0.0190149077115683
54 198 0.020283851884965
55 40 0.0221325183003467
55 43 0.0110662591501733
55 52 0.03557350665
55 55 0.174414939140207
55 85 0.01352256792331
55 88 0.020283851884965
55 91 0.041147426011915
55 187 0.0515523833464467
55 193 0.02704513584662
55 196 0.0190149077115683
55 199 0.020283851884965
56 41 0.0221325183003467
56 44 0.0110662591501733
56 53 0.03557350665
56 56 0.174414939140207
56 86 0.01352256792331
56 89 0.020283851884965
56 92 0.041147426011915
56 188 0.0515523833464467
56 194 0.02704513584662
56 197 0.0190149077115683
56 200 0.020283851884965
57 57 0.00476778689430833
57 111 0.00119194672357708
57 1194 0.00119194672357708
57 1197 0.00238389344715417
57 1380 0.00238389344715417
58 58 0.00476778689430833
58 112 0.00119194672357708
58 1195 0.00119194672357708
58 1198 0.00238389344715417
58 1381 0.00238389344715417
59 59 0.00476778689430833
59 113 0.00119194672357708
59 1196 0.00119194672357708
59 1199 0.00238389344715417
59 1382 0.00238389344715417
60 60 0.00476778689430833
60 63 0.00119194672357708
60 1194 0.00119194672357708
60 1197 0.00238389344715417
60 1224 0.00238389344715417
61 61 0.00476778689430833
61 64 0.00119194672357708
61 1195 0.00119194672357708
61 1198 0.00238389344715417
61 1225 0.00238389344715417
62 62 0.00476778689430833
62 65 0.00119194672357708
62 1196 0.00119194672357708
62 1199 0.00238389344715417
62 1226 0.00238389344715417
63 18 0.00982821049079999
63 60 0.00119194672357708
63 63 0.0385263674957229
63 99 0.0136265958068854
63 1197 0.0192631837478615
63 1224 0.00357584017073125
63 1362 0.00206074777024479
63 1365 0.00824302653348438
64 19 0.00982821049079999
64 61 0.00119194672357708
64 64 0.0385263674957229
64 100 0.0136265958068854
64 1198 0.0192631837478615
64 1225 0.00357584017073125
64 1363 0.00206074777024479
64 1366 0.00824302653348438
65 20 0.00982821049079999
65 62 0.00119194672357708
65 65 0.0385263674957229
65 101 0.0136265958068854
65 1199 0.0192631837478615
65 1226 0.00357584017073125
65 1364 0.00206074777024479
65 1367 0.00824302653348438
66 9 0.05425755309205
66 21 0.071798102794275
66 24 0.027128776546025
66 45 0.0148897754160833
66 66 0.1978537586806
66 69 0.0691473285081333
66 75 0.0297795508321667
66 105 0.0297795508321667
67 10 0.05425755309205
67 22 0.071798102794275
67 25 0.027128776546025
67 46 0.0148897754160833
67 67 0.1978537586806
67 70 0.0691473285081333
67 76 0.0297795508321667
67 106 0.0297795508321667
68 11 0.05425755309205
68 23 0.071798102794275
68 26 0.027128776546025
68 47 0.0148897754160833
68 68 0.1978537586806
68 71 0.0691473285081333
68 77 0.0297795508321667
68 107 0.0297795508321667
69 9 0.16277265927615
69 15 0.05425755309205
69 21 0.0840371039242167
69 24 0.05425755309205
69 30 0.0691473285081333
69 36 0.05425755309205
69 66 0.0691473285081333
69 69 0.385104420216634
69 75 0.0297795508321667
70 10 0.16277265927615
70 16 0.05425755309205
70 22 0.0840371039242167
70 25 0.05425755309205
70 31 0.0691473285081333
70 37 0.05425755309205
70 67 0.0691473285081333
70 70 0.385104420216634
70 76 0.0297795508321667
71 11 0.16277265927615
71 17 0.05425755309205
71 23 0.0840371039242167
71 26 0.05425755309205
71 32 0.0691473285081333
71 38 0.05425755309205
71 68 0.0691473285081333
71 71 0.385104420216634
71 77 0.0297795508321667
72 33 0.00491651060207917
72 72 0.00983302120415834
72 1173 0.00217168401618834
72 1203 0.00372456387850209
72 1227 0.00274482658589083
72 1380 0.00119194672357708
73 34 0.00491651060207917
73 73 0.00983302120415834
73 1174 0.00217168401618834
73 1204 0.00372456387850209
73 1228 0.00274482658589083
73 1381 0.00119194672357708
74 35 0.00491651060207917
74 74 0.00983302120415834
74 1175 0.00217168401618834
74 1205 0.00372456387850209
74 1229 0.00274482658589083
74 1382 0.00119194672357708
75 21 0.0893386524965
75 30 0.0297795508321667
75 66 0.0297795508321667
75 69 0.0297795508321667
75 75 0.3765259581215
75 78 0.0627543263535833
75 99 0.0792417141142917
75 102 0.0329747755214167
75 105 0.046266938592875
75 114 0.0329747755214167
75 210 0.049462163282125
75 213 0.0824369388035417
76 22 0.0893386524965
76 31 0.0297795508321667
76 67 0.0297795508321667
76 70 0.0297795508321667
76 76 0.3765259581215
76 79 0.0627543263535833
76 100 0.0792417141142917
76 103 0.0329747755214167
76 106 0.046266938592875
76 115 0.0329747755214167
76 211 0.049462163282125
76 214 0.0824369388035417
77 23 0.0893386524965
77 32 0.0297795508321667
77 68 0.0297795508321667
77 71 0.0297795508321667
77 77 0.3765259581215
77 80 0.0627543263535833
77 101 0.0792417141142917
77 104 0.0329747755214167
77 107 0.046266938592875
77 116 0.0329747755214167
77 212 0.049462163282125
77 215 0.0824369388035417
78 21 0.0446681849194583
78 30 0.0223340924597292
78 75 0.0627543263535833
78 78 0.246978600868623
78 99 0.0532468209696667
78 108 0.005736773755675
78 114 0.0398961672544438
78 213 0.0494608994933959
78 249 0.00692265552175625
78 1242 0.00455089198959375
78 1245 0.0350507485921958
78 1353 0.0149348752722281
78 1365 0.0309114647212083
79 22 0.0446681849194583
79 31 0.0223340924597292
79 76 0.0627543263535833
79 79 0.246978600868623
79 100 0.0532468209696667
79 109 0.005736773755675
79 115 0.0398961672544438
79 214 0.0494608994933959
79 250 0.00692265552175625
79 1243 0.00455089198959375
79 1246 0.0350507485921958
79 1354 0.0149348752722281
79 1366 0.0309114647212083
80 23 0.0446681849194583
80 32 0.0223340924597292
80 77 0.0627543263535833
80 80 0.246978600868623
80 101 0.0532468209696667
80 110 0.005736773755675
80 116 0.0398961672544438
80 215 0.0494608994933959
80 251 0.00692265552175625
80 1244 0.00455089198959375
80 1247 0.0350507485921958
80 1355 0.0149348752722281
80 1367 0.0309114647212083
81 21 0.0595591016643333
81 39 0.03319877745052
81 45 0.0519120691325133
81 48 0.0259560345662567
81 51 0.03557350665
81 81 0.43237890635786
81 90 0.0971404684038433
81 99 0.0478645509375
81 105 0.0627543263535833
81 183 0.04522839927133
81 186 0.0574820230212434
81 210 0.0989243265642501
81 213 0.0329747755214167
82 22 0.0595591016643333
82 40 0.03319877745052
82 46 0.0519120691325133
82 49 0.0259560345662567
82 52 0.03557350665
82 82 0.43237890635786
82 91 0.0971404684038433
82 100 0.0478645509375
82 106 0.0627543263535833
82 184 0.04522839927133
82 187 0.0574820230212434
82 211 0.0989243265642501
82 214 0.0329747755214167
83 23 0.0595591016643333
83 41 0.03319877745052
83 47 0.0519120691325133
83 50 0.0259560345662567
83 53 0.03557350665
83 83 0.43237890635786
83 92 0.0971404684038433
83 101 0.0478645509375
83 107 0.0627543263535833
83 185 0.04522839927133
83 188 0.0574820230212434
83 212 0.0989243265642501
83 215 0.0329747755214167
84 54 0.01352256792331
84 84 0.02704513584662
84 87 0.00676128396165501
84 192 0.01352256792331
84 198 0.00676128396165501
85 55 0.01352256792331
85 85 0.02704513584662
85 88 0.00676128396165501
85 193 0.01352256792331
85 199 0.00676128396165501
86 56 0.01352256792331
86 86 0.02704513584662
86 89 0.00676128396165501
86 194 0.01352256792331
86 200 0.00676128396165501
87 54 0.020283851884965
87 84 0.00676128396165501
87 87 0.149736301772805
87 90 0.0249560502954675
87 93 0.036389532667625
87 96 0.00909738316690626
87 105 0.0272921495007188
87 186 0.0408147174240288
87 192 0.0226199510902163
87 210 0.036389532667625
88 55 0.020283851884965
88 85 0.00676128396165501
88 88 0.149736301772805
88 91 0.0249560502954675
88 94 0.036389532667625
88 97 0.00909738316690626
88 106 0.0272921495007188
88 187 0.0408147174240288
88 193 0.0226199510902163
88 211 0.036389532667625
89 56 0.020283851884965
89 86 0.00676128396165501
89 89 0.149736301772805
89 92 0.0249560502954675
89 95 0.036389532667625
89 98 0.00909738316690626
89 107 0.0272921495007188
89 188 0.0408147174240288
89 194 0.0226199510902163
89 212 0.036389532667625
90 21 0.04466932624825
90 39 0.0553312957508666
90 42 0.0221325183003467
90 45 0.0519120691325133
90 51 0.0466397658001733
90 54 0.041147426011915
90 81 0.0971404684038433
90 87 0.0249560502954675
90 90 0.364877390631655
90 105 0.0553643217597813
90 186 0.0568533023890963
90 210 0.0511695418552292
91 22 0.04466932624825
91 40 0.0553312957508666
91 43 0.0221325183003467
91 46 0.0519120691325133
91 52 0.0466397658001733
91 55 0.041147426011915
91 82 0.0971404684038433
91 88 0.0249560502954675
91 91 0.364877390631655
91 106 0.0553643217597813
91 187 0.0568533023890963
91 211 0.0511695418552292
92 23 0.04466932624825
92 41 0.0553312957508666
92 44 0.0221325183003467
92 47 0.0519120691325133
92 53 0.0466397658001733
92 56 0.041147426011915
92 83 0.0971404684038433
92 89 0.0249560502954675
92 92 0.364877390631655
92 107 0.0553643217597813
92 188 0.0568533023890963
92 212 0.0511695418552292
93 87 0.036389532667625
93 93 0.0727790653352501
93 96 0.00909738316690626
93 105 0.0181947663338125
93 186 0.0181947663338125
93 192 0.00909738316690626
93 210 0.0181947663338125
94 88 0.036389532667625
94 94 0.0727790653352501
94 97 0.00909738316690626
94 106 0.0181947663338125
94 187 0.0181947663338125
94 193 0.00909738316690626
94 211 0.0181947663338125
95 89 0.036389532667625
95 95 0.0727790653352501
95 98 0.00909738316690626
95 107 0.0181947663338125
95 188 0.0181947663338125
95 194 0.00909738316690626
95 212 0.0181947663338125
96 87 0.00909738316690626
96 93 0.00909738316690626
96 96 0.0181947663338125
96 105 0.00909738316690626
97 88 0.00909738316690626
97 94 0.00909738316690626
97 97 0.0181947663338125
97 106 0.00909738316690626
98 89 0.00909738316690626
98 95 0.00909738316690626
98 98 0.0181947663338125
98 107 0.00909738316690626
99 18 0.0148886340872917
99 21 0.0707244359010104
99 63 0.0136265958068854
99 75 0.0792417141142917
99 78 0.0532468209696667
99 81 0.0478645509375
99 99 0.380973458811052
99 105 0.0627543263535833
99 210 0.0659495510428334
99 213 0.0577052252681146
99 1197 0.0415108065608594
99 1245 0.0340664895172135
99 1365 0.0298810376573281
100 19 0.0148886340872917
100 22 0.0707244359010104
100 64 0.0136265958068854
100 76 0.0792417141142917
100 79 0.0532468209696667
100 82 0.0478645509375
100 100 0.380973458811052
100 106 0.0627543263535833
100 211 0.0659495510428334
100 214 0.0577052252681146
100 1198 0.0415108065608594
100 1246 0.0340664895172135
100 1366 0.0298810376573281
101 20 0.0148886340872917
101 23 0.0707244359010104
101 65 0.0136265958068854
101 77 0.0792417141142917
101 80 0.0532468209696667
101 83 0.0478645509375
101 101 0.380973458811052
101 107 0.0627543263535833
101 212 0.0659495510428334
101 215 0.0577052252681146
101 1199 0.0415108065608594
101 1247 0.0340664895172135
101 1367 0.0298810376573281
102 75 0.0329747755214167
102 102 0.0659495510428334
102 114 0.0164873877607083
102 210 0.0164873877607083
102 213 0.0329747755214167
103 76 0.0329747755214167
103 103 0.0659495510428334
103 115 0.0164873877607083
103 211 0.0164873877607083
103 214 0.0329747755214167
104 77 0.0329747755214167
104 104 0.0659495510428334
104 116 0.0164873877607083
104 212 0.0164873877607083
104 215 0.0329747755214167
105 21 0.0893386524965
105 45 0.0297795508321667
105 66 0.0297795508321667
105 75 0.046266938592875
105 81 0.0627543263535833
105 87 0.0272921495007188
105 90 0.0553643217597813
105 93 0.0181947663338125
105 96 0.00909738316690626
105 99 0.0627543263535833
105 105 0.332185930558688
105 210 0.0676569296159376
106 22 0.0893386524965
106 46 0.0297795508321667
106 67 0.0297795508321667
106 76 0.046266938592875
106 82 0.0627543263535833
106 88 0.0272921495007188
106 91 0.0553643217597813
106 94 0.0181947663338125
106 97 0.00909738316690626
106 100 0.0627543263535833
106 106 0.332185930558688
106 211 0.0676569296159376
107 23 0.0893386524965
107 47 0.0297795508321667
107 68 0.0297795508321667
107 77 0.046266938592875
107 83 0.0627543263535833
107 89 0.0272921495007188
107 92 0.0553643217597813
107 95 0.0181947663338125
107 98 0.00909738316690626
107 101 0.0627543263535833
107 107 0.332185930558688
107 212 0.0676569296159376
108 78 0.005736773755675
108 108 0.01147354751135
108 249 0.00346132776087813
108 1242 0.00227544599479688
108 1353 0.005736773755675
109 79 0.005736773755675
109 109 0.01147354751135
109 250 0.00346132776087813
109 1243 0.00227544599479688
109 1354 0.005736773755675
110 80 0.005736773755675
110 110 0.01147354751135
110 251 0.00346132776087813
110 1244 0.00227544599479688
110 1355 0.005736773755675
111 33 0.00610605196897708
111 57 0.00119194672357708
111 111 0.0609518719015438
111 153 0.00573677375567501
111 216 0.0110441865147511
111 219 0.00692265552175626
111 1197 0.011419529685549
111 1242 0.00455089198959375
111 1245 0.0177019942634875
111 1353 0.0149348752722281
111 1368 0.00824306198598959
111 1380 0.00357584017073125
112 34 0.00610605196897708
112 58 0.00119194672357708
112 112 0.0609518719015438
112 154 0.00573677375567501
112 217 0.0110441865147511
112 220 0.00692265552175626
112 1198 0.011419529685549
112 1243 0.00455089198959375
112 1246 0.0177019942634875
112 1354 0.0149348752722281
112 1369 0.00824306198598959
112 1381 0.00357584017073125
113 35 0.00610605196897708
113 59 0.00119194672357708
113 113 0.0609518719015438
113 155 0.00573677375567501
113 218 0.0110441865147511
113 221 0.00692265552175626
113 1199 0.011419529685549
113 1244 0.00455089198959375
113 1247 0.0177019942634875
113 1355 0.0149348752722281
113 1370 0.00824306198598959
113 1382 0.00357584017073125
114 75 0.0329747755214167
114 78 0.0398961672544438
114 102 0.0164873877607083
114 114 0.329841155456615
114 204 0.0309928636731667
114 213 0.0608358357894896
114 216 0.0350463107571175
114 249 0.00930705126507548
114 297 0.0285105835684733
114 306 0.0346320055793977
114 1245 0.0402650918449729
114 1353 0.022876195033556
114 1356 0.0293654586598001
114 1359 0.00732042293786655
114 1365 0.0340026750078386
114 1368 0.072248908531599
115 76 0.0329747755214167
115 79 0.0398961672544438
115 103 0.0164873877607083
115 115 0.329841155456615
115 205 0.0309928636731667
115 214 0.0608358357894896
115 217 0.0350463107571175
115 250 0.00930705126507548
115 298 0.0285105835684733
115 307 0.0346320055793977
115 1246 0.0402650918449729
115 1354 0.022876195033556
115 1357 0.0293654586598001
115 1360 0.00732042293786655
115 1366 0.0340026750078386
115 1369 0.072248908531599
116 77 0.0329747755214167
116 80 0.0398961672544438
116 104 0.0164873877607083
116 116 0.329841155456615
116 206 0.0309928636731667
116 215 0.0608358357894896
116 218 0.0350463107571175
116 251 0.00930705126507548
116 299 0.0285105835684733
116 308 0.0346320055793977
116 1247 0.0402650918449729
116 1355 0.022876195033556
116 1358 0.0293654586598001
116 1361 0.00732042293786655
116 1367 0.0340026750078386
116 1370 0.072248908531599
117 117 0.182088383775333
117 120 0.0182088383775333
117 123 0.0728353535101333
117 126 0.0182088383775333
117 129 0.0182088383775333
117 132 0.0728353535101333
117 135 0.0728353535101333
118 118 0.182088383775333
118 121 0.0182088383775333
118 124 0.0728353535101333
118 127 0.0182088383775333
118 130 0.0182088383775333
118 133 0.0728353535101333
118 136 0.0728353535101333
119 119 0.182088383775333
119 122 0.0182088383775333
119 125 0.0728353535101333
119 128 0.0182088383775333
119 131 0.0182088383775333
119 134 0.0728353535101333
119 137 0.0728353535101333
120 117 0.0182088383775333
120 120 0.187558112884598
120 123 0.0484025773684062
120 132 0.0479874940266738
120 138 0.0303893471631726
120 141 0.030804430504905
120 144 0.0299742638214402
120 1164 0.0755702180647656
121 118 0.0182088383775333
121 121 0.187558112884598
121 124 0.0484025773684062
121 133 0.0479874940266738
121 139 0.0303893471631726
121 142 0.030804430504905
121 145 0.0299742638214402
121 1165 0.0755702180647656
122 119 0.0182088383775333
122 122 0.187558112884598
122 125 0.0484025773684062
122 134 0.0479874940266738
122 140 0.0303893471631726
122 143 0.030804430504905
122 146 0.0299742638214402
122 1166 0.0755702180647656
123 117 0.0728353535101333
123 120 0.0484025773684062
123 123 0.562587454319892
123 126 0.048016057732192
123 132 0.129428609216047
123 135 0.117546182542121
123 141 0.0235647672826698
123 165 0.044710829031988
123 168 0.0596144387093174
123 171 0.0221072929926153
123 180 0.118181980568943
123 1164 0.0811970357290012
123 1320 0.00720370061388856
123 1374 0.0124271581640161
123 1398 0.0230717341214489
123 1401 0.0355734638970494
124 118 0.0728353535101333
124 121 0.0484025773684062
124 124 0.562587454319892
124 127 0.048016057732192
124 133 0.129428609216047
124 136 0.117546182542121
124 142 0.0235647672826698
124 166 0.044710829031988
124 169 0.0596144387093174
124 172 0.0221072929926153
124 181 0.118181980568943
124 1165 0.0811970357290012
124 1321 0.00720370061388856
124 1375 0.0124271581640161
124 1399 0.0230717341214489
124 1402 0.0355734638970494
125 119 0.0728353535101333
125 122 0.0484025773684062
125 125 0.562587454319892
125 128 0.048016057732192
125 134 0.129428609216047
125 137 0.117546182542121
125 143 0.0235647672826698
125 167 0.044710829031988
125 170 0.0596144387093174
125 173 0.0221072929926153
125 182 0.118181980568943
125 1166 0.0811970357290012
125 1322 0.00720370061388856
125 1376 0.0124271581640161
125 1400 0.0230717341214489
125 1403 0.0355734638970494
126 117 0.0182088383775333
126 123 0.048016057732192
126 126 0.096032115464384
126 135 0.0331124480548627
126 165 0.0149036096773293
126 168 0.0298072193546587
127 118 0.0182088383775333
127 124 0.048016057732192
127 127 0.096032115464384
127 136 0.0331124480548627
127 166 0.0149036096773293
127 169 0.0298072193546587
128 119 0.0182088383775333
128 125 0.048016057732192
128 128 0.096032115464384
128 137 0.0331124480548627
128 167 0.0149036096773293
128 170 0.0298072193546587
129 117 0.0182088383775333
129 129 0.224528907461733
129 132 0.0558310845188666
129 135 0.0558310845188666
129 228 0.0376222461413333
129 231 0.0376222461413333
129 234 0.0376222461413333
129 330 0.0940556153533333
130 118 0.0182088383775333
130 130 0.224528907461733
130 133 0.0558310845188666
130 136 0.0558310845188666
130 229 0.0376222461413333
130 232 0.0376222461413333
130 235 0.0376222461413333
130 331 0.0940556153533333
131 119 0.0182088383775333
131 131 0.224528907461733
131 134 0.0558310845188666
131 137 0.0558310845188666
131 230 0.0376222461413333
131 233 0.0376222461413333
131 236 0.0376222461413333
131 332 0.0940556153533333
132 117 0.0728353535101333
132 120 0.0479874940266738
132 123 0.129428609216047
132 129 0.0558310845188666
132 132 0.616977638087138
132 135 0.140757778292983
132 144 0.0304699857316821
132 180 0.12200608048663
132 231 0.049574752506037
132 237 0.030965707641924
132 330 0.114898531897345
132 1164 0.130711079302387
133 118 0.0728353535101333
133 121 0.0479874940266738
133 124 0.129428609216047
133 130 0.0558310845188666
133 133 0.616977638087138
133 136 0.140757778292983
133 145 0.0304699857316821
133 181 0.12200608048663
133 232 0.049574752506037
133 238 0.030965707641924
133 331 0.114898531897345
133 1165 0.130711079302387
134 119 0.0728353535101333
134 122 0.0479874940266738
134 125 0.129428609216047
134 131 0.0558310845188666
134 134 0.616977638087138
134 137 0.140757778292983
134 146 0.0304699857316821
134 182 0.12200608048663
134 233 0.049574752506037
134 239 0.030965707641924
134 332 0.114898531897345
134 1166 0.130711079302387
135 117 0.0728353535101333
135 123 0.117546182542121
135 126 0.0331124480548627
135 129 0.0558310845188666
135 132 0.140757778292983
135 135 0.569135607833549
135 168 0.060600357283032
135 180 0.113016887695419
135 234 0.04960426099904
135 255 0.0307931379283733
135 330 0.10262307610456
135 333 0.0769828448209334
136 118 0.0728353535101333
136 124 0.117546182542121
136 127 0.0331124480548627
136 130 0.0558310845188666
136 133 0.140757778292983
136 136 0.569135607833549
136 169 0.060600357283032
136 181 0.113016887695419
136 235 0.04960426099904
136 256 0.0307931379283733
136 331 0.10262307610456
136 334 0.0769828448209334
137 119 0.0728353535101333
137 125 0.117546182542121
137 128 0.0331124480548627
137 131 0.0558310845188666
137 134 0.140757778292983
137 137 0.569135607833549
137 170 0.060600357283032
137 182 0.113016887695419
137 236 0.04960426099904
137 257 0.0307931379283733
137 332 0.10262307610456
137 335 0.0769828448209334
138 120 0.0303893471631726
138 138 0.107608315181146
138 141 0.020773404937715
138 144 0.0202929340363546
138 147 0.00311590643544625
138 1164 0.0471353112358406
138 1209 0.00962191218105739
138 1236 0.0133753192842622
138 1239 0.016708337497871
139 121 0.0303893471631726
139 139 0.107608315181146
139 142 0.020773404937715
139 145 0.0202929340363546
139 148 0.00311590643544625
139 1165 0.0471353112358406
139 1210 0.00962191218105739
139 1237 0.0133753192842622
139 1240 0.016708337497871
140 122 0.0303893471631726
140 140 0.107608315181146
140 143 0.020773404937715
140 146 0.0202929340363546
140 149 0.00311590643544625
140 1166 0.0471353112358406
140 1211 0.00962191218105739
140 1238 0.0133753192842622
140 1241 0.016708337497871
141 120 0.030804430504905
141 123 0.0235647672826698
141 138 0.020773404937715
141 141 0.131300890665807
141 156 0.00937290618818483
141 174 0.00592593688304101
141 1164 0.0459845979757649
141 1209 0.0121952226528658
141 1236 0.012119597954954
141 1371 0.00456262655447586
141 1374 0.0046390083188058
141 1377 0.00656935411335121
141 1398 0.020439482631977
142 121 0.030804430504905
142 124 0.0235647672826698
142 139 0.020773404937715
142 142 0.131300890665807
142 157 0.00937290618818483
142 175 0.00592593688304101
142 1165 0.0459845979757649
142 1210 0.0121952226528658
142 1237 0.012119597954954
142 1372 0.00456262655447586
142 1375 0.0046390083188058
142 1378 0.00656935411335121
142 1399 0.020439482631977
143 122 0.030804430504905
143 125 0.0235647672826698
143 140 0.020773404937715
143 143 0.131300890665807
143 158 0.00937290618818483
143 176 0.00592593688304101
143 1166 0.0459845979757649
143 1211 0.0121952226528658
143 1238 0.012119597954954
143 1373 0.00456262655447586
143 1376 0.0046390083188058
143 1379 0.00656935411335121
143 1400 0.020439482631977
144 120 0.0299742638214402
144 132 0.0304699857316821
144 138 0.0202929340363546
144 144 0.153738638584728
144 237 0.0289211407625745
144 240 0.00955374555460437
144 315 0.012875776933525
144 1164 0.0608776852709969
144 1185 0.0261063995243271
144 1239 0.0115360262415866
145 121 0.0299742638214402
145 133 0.0304699857316821
145 139 0.0202929340363546
145 145 0.153738638584728
145 238 0.0289211407625745
145 241 0.00955374555460437
145 316 0.012875776933525
145 1165 0.0608776852709969
145 1186 0.0261063995243271
145 1240 0.0115360262415866
146 122 0.0299742638214402
146 134 0.0304699857316821
146 140 0.0202929340363546
146 146 0.153738638584728
146 239 0.0289211407625745
146 242 0.00955374555460437
146 317 0.012875776933525
146 1166 0.0608776852709969
146 1187 0.0261063995243271
146 1241 0.0115360262415866
147 138 0.00311590643544625
147 147 0.0184896096833661
147 150 0.00086081536430065
147 1128 0.00178743595660792
147 1176 0.00177539662884707
147 1179 0.00612889840623682
147 1236 0.00703899723125309
147 1239 0.00702696450235742
148 139 0.00311590643544625
148 148 0.0184896096833661
148 151 0.00086081536430065
148 1129 0.00178743595660792
148 1177 0.00177539662884707
148 1180 0.00612889840623682
148 1237 0.00703899723125309
148 1240 0.00702696450235742
149 140 0.00311590643544625
149 149 0.0184896096833661
149 152 0.00086081536430065
149 1130 0.00178743595660792
149 1178 0.00177539662884707
149 1181 0.00612889840623682
149 1238 0.00703899723125309
149 1241 0.00702696450235742
150 147 0.00086081536430065
150 150 0.0017216307286013
150 1128 0.000430410981582917
150 1176 0.000430404382717733
150 1179 0.00086081536430065
151 148 0.00086081536430065
151 151 0.0017216307286013
151 1129 0.000430410981582917
151 1177 0.000430404382717733
151 1180 0.00086081536430065
152 149 0.00086081536430065
152 152 0.0017216307286013
152 1130 0.000430410981582917
152 1178 0.000430404382717733
152 1181 0.00086081536430065
153 111 0.00573677375567501
153 153 0.01147354751135
153 219 0.00346132776087813
153 1242 0.00227544599479688
153 1353 0.00573677375567501
154 112 0.00573677375567501
154 154 0.01147354751135
154 220 0.00346132776087813
154 1243 0.00227544599479688
154 1354 0.00573677375567501
155 113 0.00573677375567501
155 155 0.01147354751135
155 221 0.00346132776087813
155 1244 0.00227544599479688
155 1355 0.00573677375567501
156 141 0.00937290618818483
156 156 0.0521853350213368
156 162 0.00140476452333708
156 1107 0.00515478750029677
156 1128 0.00737486537195236
156 1140 0.004213572843545
156 1143 0.00693078653876432
156 1209 0.00881485093280521
156 1236 0.00968569160163719
156 1299 0.00649468084134704
156 1371 0.00765765285377033
156 1377 0.00556822034798638
156 1398 0.00560522298837863
157 142 0.00937290618818483
157 157 0.0521853350213368
157 163 0.00140476452333708
157 1108 0.00515478750029677
157 1129 0.00737486537195236
157 1141 0.004213572843545
157 1144 0.00693078653876432
157 1210 0.00881485093280521
157 1237 0.00968569160163719
157 1300 0.00649468084134704
157 1372 0.00765765285377033
157 1378 0.00556822034798638
157 1399 0.00560522298837863
158 143 0.00937290618818483
158 158 0.0521853350213368
158 164 0.00140476452333708
158 1109 0.00515478750029677
158 1130 0.00737486537195236
158 1142 0.004213572843545
158 1145 0.00693078653876432
158 1211 0.00881485093280521
158 1238 0.00968569160163719
158 1301 0.00649468084134704
158 1373 0.00765765285377033
158 1379 0.00556822034798638
158 1400 0.00560522298837863
159 159 0.00888456563549468
159 174 0.0025503377686889
159 1182 0.00189194504905844
159 1188 0.00444228281774734
159 1377 0.00444228281774734
160 160 0.00888456563549468
160 175 0.0025503377686889
160 1183 0.00189194504905844
160 1189 0.00444228281774734
160 1378 0.00444228281774734
161 161 0.00888456563549468
161 176 0.0025503377686889
161 1184 0.00189194504905844
161 1190 0.00444228281774734
161 1379 0.00444228281774734
162 156 0.00140476452333708
162 162 0.00280952904667417
162 1128 0.00140476452333708
162 1140 0.00140476452333708
163 157 0.00140476452333708
163 163 0.00280952904667417
163 1129 0.00140476452333708
163 1141 0.00140476452333708
164 158 0.00140476452333708
164 164 0.00280952904667417
164 1130 0.00140476452333708
164 1142 0.00140476452333708
165 123 0.044710829031988
165 126 0.0149036096773293
165 165 0.089421658063976
165 168 0.0298072193546587
165 171 0.0149036096773293
165 180 0.0298072193546587
166 124 0.044710829031988
166 127 0.0149036096773293
166 166 0.089421658063976
166 169 0.0298072193546587
166 172 0.0149036096773293
166 181 0.0298072193546587
167 125 0.044710829031988
167 128 0.0149036096773293
167 167 0.089421658063976
167 170 0.0298072193546587
167 173 0.0149036096773293
167 182 0.0298072193546587
168 123 0.0596144387093174
168 126 0.0298072193546587
168 135 0.060600357283032
168 165 0.0298072193546587
168 168 0.180815153275381
168 180 0.0452037883188454
168 255 0.0153965689641867
168 333 0.0307931379283733
169 124 0.0596144387093174
169 127 0.0298072193546587
169 136 0.060600357283032
169 166 0.0298072193546587
169 169 0.180815153275381
169 181 0.0452037883188454
169 256 0.0153965689641867
169 334 0.0307931379283733
170 125 0.0596144387093174
170 128 0.0298072193546587
170 137 0.060600357283032
170 167 0.0298072193546587
170 170 0.180815153275381
170 182 0.0452037883188454
170 257 0.0153965689641867
170 335 0.0307931379283733
171 123 0.0221072929926153
171 165 0.0149036096773293
171 171 0.0442145859852305
171 180 0.0185054651644861
171 1320 0.00360182782812919
171 1401 0.00720368331528592
172 124 0.0221072929926153
172 166 0.0149036096773293
172 172 0.0442145859852305
172 181 0.0185054651644861
172 1321 0.00360182782812919
172 1402 0.00720368331528592
173 125 0.0221072929926153
173 167 0.0149036096773293
173 173 0.0442145859852305
173 182 0.0185054651644861
173 1322 0.00360182782812919
173 1403 0.00720368331528592
174 141 0.00592593688304101
174 159 0.0025503377686889
174 174 0.0300358436108021
174 1188 0.00909198492236002
174 1320 0.00180095887195787
174 1374 0.00397563157438794
174 1377 0.0110422902310131
174 1398 0.0106666251647543
175 142 0.00592593688304101
175 160 0.0025503377686889
175 175 0.0300358436108021
175 1189 0.00909198492236002
175 1321 0.00180095887195787
175 1375 0.00397563157438794
175 1378 0.0110422902310131
175 1399 0.0106666251647543
